50
48 8 7 25 16 5 43 18 29 4 23 3 30 21 27 11 35 37 38 17 28 20 34
12 7 1 32 4 17 35 25 36 37 6 2 3
27
12 28 5 18 36 43 23 19 32 49 29 22 42 14 3 47
26 32 36 10 7 19 31 3 38 35 44 37 49 1 4 12 17 21 48
2 6 1 16 10 48 38 45 18 44 8 32 7 46 27 14 4 31 26 17
24 37 21 15 18 26 40 50 19 2 41 43 32 27
3 49 44 37 46
46 8 25 24
10 16 3 11
15 12 47 10 33 49 45 7 41 26 25 28 48 9 43 27 8 4 16 5 36
48 49
41 8 7 45 27 47 40 48 10 28 26 16 6 12 46 2 25 4 11 34 5 50 49 36 31
38 15 35 16 41 48 21 2
30 39 25 41 49
39 36 44 29 31 25 27
25 17 43 37 33 45 42 24 18 26 15 50 48 41 35 31 12 1 27 49 7 8 36 34
15 27 36 42 41 28 40 48 32 9 35 45 49 44 3
25 8 11 23 45 16 40 22 43 3 39 26 15 10
9 3 46 40 10 48 19 47 26 15 44 4 50 14 1 35 37 13 12 27 41 22 11
2 17 42
32 26 21 50 48 33 36 17 4 39 42 8 20 10 22 49 15 24
40 43 5 44 36 45 22 30 34 1
39 25 33 43 22 40 29 50 3 49 5 8 26
39 18 24 13 26 16 19 8 45 7 17 47 21 50 20 10 12 48 30 44 40 36 31
31 13
7 4 17 35
33 19 4 43 37 28 17 5 30 32 15 27 3 45 31 29 26 14
17 35 15 45 33 6 18
39 3 10 18 16 4 38 48 5 40 50 26 11 19 14 28
27 42 17 39 7 6 15 33 14 34 1 16 24 28 41 4 23 19 35 49 44 38
37 39 15 50 22 7 31 46 42 40
49 11 1 13
48 42 33 17 3 35 23 36 38 31 19 40 14 37 11 6 29 7 5 21 22
9 42 13 26 20 15 25 31 40 32 14 38 47 4 43
35 8
16 48 15 24 12 8 11 38 1
21
37 43 19 39 6 33 5 32 50 22 49 26 12 9 10 25 1 28 18 46 7
36 49 28 11 42 10 30 50 21 43 14 35 16 37 13 38 40
46 50 47 39 29 27 11
24 42 5 8 1 41 3 9 38 10 48 26 22
6 45 48
39 9 15 3 32 48 14 31 16 6 25 7 36 37 46 12 45 50 1
29 40 38 11 35 15 28 49 50 42 1 8 4 26 46 16 21 31 41 33
42 48 33 41 50 44 45 22 17 1 37 16 9 5 8 20 2 30 3 31 47 18
50 22 23 21 25 30 45 28 32 10 11 14 1 2 31 24 38
30 28 8 37 1 19 42 33 10 46 25 3
48 25 9 4 36 46 49 3 6 5 42 2 43 10 33 17 14 19 40 12 23 11 38 21
21 30 47 23 37 29 49 50 4 10 2 45 33 27 3 38
46 40 45 50 39 42 6 5 18 35 43 24 7 22 25 13 44 16 36 47 8 38 14 20 37
7 16
22 40 7 25 14 45 44 39 11 30 3
4 16 12 32 21 25 47 27 31 14 29 24 13 38 49 15 9 6 7 42 20 5 36 46
28 26 46 48 25 43 23 14 7 35 11 41 31 20 5 44 17 27 40 4 29 13 34 21
15 34 24 27 2 4 21 48 29 37 30 39 41 5 40 31 49 38
39 12 22 2 37 8
47 21 19 22 37 2 30 41 26
8 24
2 41 7 49 28 9 42 5 12 19 36 48 50 22 20 25 34 32 33 21 37 29 3 11
48 12 25 43 37 50 34 28 41 26 11 39 6 14 1 36 18 30 31 40 4 17 44 45 35
11 48 31 4 18 5 22 23 42 34 13 14 45
49 41 27 7 4 29 18 8 45 43 39 31 12 34 22 9 19 13 46
44 22 33 6
22 20 19 7 10 40 17 16 30
30 27 46 28 48
19 2 1 35 21 48 20 25 36
42 43 4 24 35 44 36 45 21 34 37 50 20 5 3 9 48 46 25 17 19 2 31
12 39 28 29 1 42 33 8 20 45 27 16 6
25 45 26 12 42 31 48 20 37 43
36 26 41 35 25 30 45 12 44 6 46 3 34 14 10 8 11 31
33 40 10 24 35 16 13 44 12 27 22 29 21
43 5 44 48 19 13 49 18 42 20 2 50 8 46 25
2 19 4 28 6 11 31 15 33 45 47 23
25 43 37 11 26 15 48 24 38 4 20 42 47 19 29 7 40 14 17
38 45 19 22 27 18 8 35 42 12 17 13 24 48 50 37 34
35 27 13 23 18 41 20 38 8 17 14 6 5 22 2 7 29 36 46
45 33 5 48 16 1 47 13 24 38 44 9 36 22 27 23 17 6 34
31 32 29 15 14 16 30 17 45 13 12 33 3 19 22 50 41 5 6
42 35 50 34 44 6 49 16 5 23 13 15 17 11 28 10 18 27 29 45 37
37 50 30 9 31 28 38 5 49 42 26 35 27 14 25 41
26 41 47 11 9 13 39 7 27 30 20 36 18 4 21 10 14 3 38 50 24 12 15 1 25
36 32 40 22 47 7 41 48 29 28 26 9 5 23 20 43 14 31
48 31 13 46 10 21 30 14 1 37 24 27
32 13 10 24 9
6 40 9 1 28 35 24 46 38 31 15 12 32 43 41 7
20 29 43 22 49 10 1
11 38 25 45 27 15 5 29 17 40 41 7 4 2
19 37 13 27 41 33 50 1 12 23 45 34 38 30 16 26 10 35 29 49 44 2
31 42 25 21 17 37 35 5 12 27 33 28
26 20 6 4 11 35
27 45
5 23 44 29 2 26 42 36 19 47 39 17 3 15 38 7 21 31 22 9 49 34 33 45 24
5 16 28 4 2 27 36 7 1 30 19 24 45 17 21 34 48 18 8 26
24 48 9 49
40 48 43 3 32 39 15
29 25 28 11 20 49 31 1 47 17 18 7 30 4 21 27 14 45 2 43 23 36 41 22 24
44 43 34 40 23 24 31
2 46 48 20
35 18 49 33 6 31 38
13 6 17 8 47 49 9 30 12 1 41 20 11 31 35 23 50 33
37 13 8 10 2 41 30 48 15 14 43 32 31 29
25 27 37 31 14 15 26 5
14 47 10 37 9 29 50 30 27 18 41 31 49 22 20 6 25 21 46
41 50 29 13 42 44 45 7 8 28 25 14 27 38 32 37 6
8 28 16 1 46 14 44 33 29 12 43 7 17 13 19 31 49 40 48 45 22 32
43 24 16 33 13 35 50 32 19 1 48 45 46 22 2 34 49 9 41 23
16 18 4 19 36 1 50 37 10 8 32 40 29 44 49 27 34 15 9 14
48 30 4 28 21 31 13 10 6 1 27 20 22 5 37 36 25 43 33 7 23 9 29 24 46
45 49 39 32 27 1 50 25 21 12 34 28 31 8 41 24 33 11 13 46 37 6 42
7 42 16 26 43 33 4 2 22 29 8 34 21 23 12 44 19 13 24 38 15
45 20 28 44 19 14
28 42 37 9 50 12 34 11 40 39 18 49 22 24 13 29 3 23 47 7
41 47 5 49 19 16 8
19 43 32
44 12 45 47 46 21 48 40 37 25 30 27 34 5 17
15 36 18 44 38 17 19 28 10 26 5 1 35 32 21 25 45
15 35 6 9 10 30 12
33 39 28 46 15 24 8 43 23 5
10 29 31 36 24 14 18 38 45
6 11 28 10 43 22 9 14 41 50 24 45 48 38 8 44
34 28 41 3 31 12 8 1 33 40 4 39 27 18 47 19 36 14
30 33 17 23 16 48 47 21 1 11 45 41 27 32 18 39 3
28 16 46 12 22 34 31 25 32 39 36 6 24 40 13 27
37 2 27 26 47
39 26 38 1 13
46 50 27 34 42 13 24 10 39 9 12 25 30 8 17 1 35 5 45 7 48 6 49 36
39 38 32 35 17 12 43 37 47 28 5 34 11 40 20 44 6 22 23 26 2 14
32 45 47 14 23 8 24 15
5 50 35 42 45 20 49 25 6 15 18 21 17 36 13 30 3 12
25 7 20 17 32 50 48 46 30 13 49 42 38 33 3 14 45 4 43 31
21 5 50 26 20 28 30 43 35 31 23 3 42 14 15 47 24 11 9 32 36 18 25
13 21 12 33 34 2 37 49 28 18 7 32 3 42 46 47
15 11 27 17 18 32 46 10 14 23 16 38 35 25 45
4 48 37 31 46 32 7 33 12 47 22 1 5 21 50 8 18 44 40 24
48 22 28 11 24 5 26 6
44 47 17 24
32 50 24 42 15 14 10 40 27 45 3 18 49 38 12 1 20 43 28 25 48 31
21 33 25 29 15 5 1 48 9 37 24 20 30 42 17 3 34 31 19 28 18
7 44 24 3 30 10 47 34 14 25 2 4 11 40 39 43
50 10 2 41 21 19 44 6 35 15 11 47 40 30
25 23 14 19 9 43 46 36 8 3 7 34 35 21 27 41 47 10 26 30 5 40 4 20 28
38 17 35 41 11 4 25 40 44 8 47 3
32 22 14 4 10 45 21 28 30 27 19
7 37 45 27 50 1 17 22 18 21 46 31 12 4 11 24 43 13 29 5 38
36 42 1
43 10 8 5 29 27 25 7 22 41 18 19 49 28 50 38 6 11
13 21 25 23 47 48 24 27 32 41 18 15 39 42 28 14 7
22 11 21 44 15 10 8 43
9 38 29 15 11 33 10 25 1 18 3 35 2 21
30 9 29 7 43 37 12 27 33 24 8 41 34 14 44 1 11 15 50 28 45
26 24 4 45 11
28 3 19 37 46 48 13 41 1 31 45 2 43 29 32 6
8 26 19 14 45
20 35 17 46 8 13 38 11
42 20 38 15 16 47 25 19 27 24 2 21 50 31 10 18 33 11 32 41 36 8
47 32 14 7 50 25 22 30 33 38 21 19 46 49 24
42 3 27 41 28 8 50 34 38 48 18 29 12 32 44 17 46
50 9 25 4 19 23 17
31
41 37 28 39 7 3 6 18 34 44 10 25 27 2
16 11 32 3 24 38 22 17
37 16 17 8 33 35 13 44 7 14 30 27
50 16 24 18 12 2 31 13
50 48 9 10 3 13 5 22 35 41 11 21 12 17 47 1 34 14 2 42 31 18 32 25 7
18 20 34 5 25 44 8 33 41 36 32 24 7
35 42 19 45 32 9 36 13 16 46 8 15 30
4 39 44 35 7 5 49 12 2 18 8 43 37 36 48 31
34 32 33 37 12 42 11 7 31 13 3 29 50 4
37 30 24 19 42 36 23 45 27 8 32
31 17 19 1 5 4 2 6 48 23
22 34 40 1 23 13 14 3 25 37 45 35 11 26 17 43 48 27 10 49
3 11 18 30 16 41 22 47 48 45 38 24 6 12 37 44
12 47 11 17 10 39 46 48 16 37 40 24 18 7 36 25 30 50 38 42 2
3 30 32 34 29 40 27 1 41 16 8 14 35 50 45
6 37 21 18 4 12 15 17 1 31 33 36 46 16 28 10 42
46 12 41 22 10 18 30 39 3 20 25 4 50 8 32 14 24 23 16 43 33 21 35 42 9
24 14 35 32 28 1 4 37 6 12 29 44 40 36 27 3 18 39
43 40 12 19 34 26 38 39 49
22 23 26 11 37 5 42 38 25 9 2 10 46 48 36 8 45
36 18 2 24
30 18 7 21 14 41 33 6 12 26 11 25 9 48 5 39 29 2 3 10 44 42
11 35 22 48 45 23 21 24
31 47 34 33 11 14 26 46 38 8 4 25 43 48 45 6 9
1 12 40 24 45 19 14 9 29
6 33 31
16 48 45 33 3 34 7 25 27
48 20 34
16 27 23 1 7 24 25 33 37 49 14 41 3 8 45 40 46 12 4 2 42 19
4 47 1 21 7 27 50 37 29 38 15 42 6 32 40 45 46 39 5 44 3 19
31
15
18 15 29 25 22 2 23 10 14 3 24 42 6 31 11 34 21 37 8 49 13 47 38 46 48
50 11 40 4 49 35 39 26 3 5 1 47 28 21 25 14
50 9 20 2 8 28 41 31
12 45
5 36 16 2 24 30 48 7 3 19 12 43 38 49
19 43 13 48 50 47 29 49 14
45 25 39 50
31 21 18 10 24 46 32 34 17 49
10 21 33 43 15 12
8 23 49 6 16 18 21 47 32 26 10 43 28 5 45 39 7 22 35 50 31
4 33 24 42 11 21 8 12 34 36 41 45 26 6 3 43 1 22 30 5
44 48 32 28
7 42 20 28 34 11 38
9 37 39 16 28 46 33 12 42 10 8 15 27 4 18 23 21 29 30 19 41 17 26
44 13 4
40 17 41
6 17
50 41 23 14 11 15 33 19 43 40 9 45
7 6 16 21 40 44 49 17 35 47 41 23 19 9 28 37 12 14 5 50 8 18 30 2
37 42 45 5 16 36 13 47 6 15 28 34 20 29 12 46 10 17 1 35 21 3 31 27
26 8 5 27 11 17 49 43 24 29
16 29 28 37 17 19 4 14 36
32 17 43 26
24 17 30 19 40 42 8 35 27 1 46
50 41 11 12
21
2 32 17 18 39 40 1
28 6 15 13
25 18 45 22 19 10 7 2 21 20 50 14 34 38 40 31 48 37
31 15 44 36 50 13 46 1 9 3 41 6 47 24 14 17 37 11 42 35 4 21 27 23 19
27 23 30 40 10 8 29 44
30 8 15 14
25 12 37
10 13 23 22 14 37 41 24 29 26 40 38 44 12 18 19
38 12 15 16 4 10 22 28 1 11 2 24 32 21 27 37
24 42 23 35 44 15 41 6 36 37 21 45
30 45 44 4 28 14 12 27 15 23 22 8 25 6 50
11 31 25 44 23 42 22 46 1 6 34 18 49 17 30 2 43 32 28 39 38 50 41 19
34 14 48 20 42 29 45 39 35 49 10 6 47 31 17 25 44 32 23 40 26 50
17 12 36 48 40 18 42 38
35 21 29 24 26 13 37
27 7 26 29 50 14
39
4 5 24 35 37 12 50 8 39 41 13 32 10 20 40 43 25 46 16
3 18 33 42 36 12 45 48 27 8 37 15 20 16 25 10 9 38 44 46 40 31 2
22 41
11 2 32 7 17 44 45 36 25 5
45 17 25 27 39 5 11 37 13 36 10
1 38 27 5 13 37 34 42 46 36 3 10 32 12 33 26 23 30 28
30 48 18 6 35 19 11 25 32 50 20 23
33 34 17 3 44 14 26 7 46 29 39 36 5 25 45 1 18
10 8 36 1 31
27 17 30 29 38 3 36
36 10 4 45 3 15 42 49 27 34 23
49 27 42 37 17 10 32 25 48 50 20 30 13 2 4 40 24 19 47 33 26 15 5
6 28 27 10 47 20 48 4 7 15 11 3 32 49 38 39 26 14 35
13 49 23 8 30 38 11 26 18 10 1 36 7
14 33 40 5 19 4 17 44
7 31 36 49 33 23 27 5 38 41 16 25 39 30 42 22
12 35 33 2 28 45 31 14 19 46 3 4 24 11 8 6 47 29 10 43 26
47 25 45 22 7 10 2 5 14 16 28 13 31
16 14 49 31 30 9 29 5 12 10 33 24 3 34 42 44 36 40 50 13 6 7 2
34 40 49 24 44 18 21 6 2 39 1 12 37 28 41
17 44 28 27 37 6 29 42 26 16 25 48 35 41 39 31 20 30 49 33 36 5 38
43 1 37 10
5 32 26 25 15 40 44 9
14 5 4 46 2 49 47 20 29 23 7 18 40 30 16
23 32 42 41 10 11 1 48 3 2 16 45 4 9 40 17 15
34
2 31 32 42 29 10
26 45 2 17 39 5 3 14 8 12 11 44 46 20 25 23 33 38
41 26 27 33 19 11 5 47 30 7 12 20 31 21 46 4 23 42 32 25
15 16 12 31 29 19 22 18 27 25 9 17 49 5 36 10 8 2 34 33 48 50 42 14
6 15 13 42 10 31 29 50 39 21 27 48 37 5 32 8 44 41 26 23 33 11
37 16 15 12 20 32 34 25 44 19 41 35 5 45 36 18 47 24 4 3 2 11 30 21 42
5 35 3 31 12 36 20 30 27 48 2 19 44 50 1 7 21 39 18 34 42
25 31
18 44 28 10 42 3 43 15 2 47 46 48 34 50
9 37 4 41 6 16 32 23 39 24 25 1 20 35 45
25 39 14 2 9
33 42 35 24 7 47 3 21 44 39 14 41 11 32 10 8 2
26 42 22 35 5 24 20 3 27 37 16 18 49 25 13
13 2 20 26 45 21 19 10 24 7 30 35 28 33 16 38 44 32 15 1 23 27 17
38 49 40 1 12 26 25 23 35 36 43 33 28 6 44 30 50 29 34 24 42 14 32
1 34 32 6 3 50 36 28
32 30 11 38 8 12 17 18 25
24 48 40 25 36 5 12 44 15 38 3 26 30 2 27 49 46 23 31 32 28 1 37 11
47 8 22 49 16
22 38 40 37 11 14 39 45 15 16 33 42 49 41
39 4 2 22 16 13 24 43
18 2 37 44 50 48 30 11 38 7 42
47 11 45 35 49 38
32 39 40 45 19 24 10 14 26 48 30
25 34 37 29 2 48 14 31 10 40 22 4 28 42 44 17 26 23 49 5 6 33 50
18 21 39 10 22 35 3
18 28 25
39 17 22 37 12
49 7 33 30 3 27 41 34 38 2 48 15 36 4 17 5 13 44 12 8 24
33 14 46 43 4 3 9
29 7 42 49 28 6
1 19 47 18 37 49 5 48 42 28 45 14 33 17 40 36 6 2 11 22 7 20 4
24 9 39
26 41 27 8 1 17 36 16 25 20 47 3 28 34 14 10 37 38 12 22 43
21 43 45 47 32 16 49 30 24 48 40 11 25 28 38 26 39 1 36 10 37 44 17 31
25 16 36 46 8 33 23 21 11
45 19 10 48 27 34 16 4 17 21 37 46 41 50
24 5 23 47 31 35
20
49 33 3 25 1 36 35 15 32 21 47 44 48 5 23 30 34 11 22 13 2 24 7 41 16
36 34 11 22 4 27 25
2 7 45
25 2 36 39 32 31 33 24 15 50 13 18 4 16 8 9 41
45 6 49 23 35 39 9 2 43 24 31 20 36 40 16 28 41 10 17 32 33
18 25 1 45
20 8 4 5 3 49
12
5 42 18 32 40 16 26 14 10 24 6 20 7
10 25 34 40 11 50 19 49 1 3 13 26
26 42 6 15 27 33 45 16 20 9 28 36 8
23 27 14 39 5
49 14 47 44 46 45 35 48 21 50 42 13 6 4
12 16 50 46 19 28 43 17 33 21 31 1 41 13 6 39 35 18 34 4
24 47 5 33 41 37 36 26 8 16 28 35
37 47 8
32 26 20 31 30 43 44 14 10 25
49 15 18 40 41 35 39 45 37
17 11 13 7 28 5 23 14 8 15 25 39 43 49 45 4 38 50 1 42 36 30 24
7 19 48 8 31 32 33 11 3 1 2 45 42 16 4 9 34 13 5 22 41 35 40
5 3 43 40 41 7 39 9 29 31 8 19 46 12 48 24
14 43 35 32 47 24 40 1 20 48 28 36 38 50 17 45 41 42 18 21 4
24 18 46 3 1 41 39 19 8 49 10 15 38
10 1 9 26 6 31 2 32 28 23 22 27 43 45 20 5 33 35 4 8 34 16
39 47 4
38 22 21 40 3 26 32 13 45
10 38 46
1 17 42 35 43 19 32 25 20 4 46 45 2 3 22 6 5
23 44 43 40 7 35
25 49 10 16 6 34
25 6 39 17 15 12 34 22 32 36 14 48 11 35 49 19 9 41 37 1 50
50 15 19 39 4 14 30 46 31 28 41 20 33 6 35 40 38 37 42 10 8 43 12 2 27
30 39 20 35 43 14 28 2 19
39
5 1 20 26 32 39 18 23 6 28 16 10 36 35 43 33 12 24 9 22 48 3
19 43 28 8 25 4 26 31 33 24 29 22 2 15 5 39 50 7 20 37 23 45
14 1 20 5 31 32 43 49 3 34 28
15 37 17 20 32 42 40 50 14 9 22 45 38 1 44
3 48 36 4 30
3 50 13 19
43 3 16 38 37 1
29 31 21 41
4 5 8 23 6
32 22 1 28 43 39 21 44 37 25
45 42 21 17 11 10
7 33
49 46 13 2 24 27 19 16 4 31 5 40 8 42 37 29
3 41 38 40 45 4 17 5 47 6 49 28 8 35 32 34
28 16 41 11 22 30 43 36
44 2 34 50 7 21 9 36 18 8 42 12 49 45 26 48 10 35 23 19 41 37
21 24 7 17 5 22
21
44 31 32 49
35 23 14 44 4 12 17 39 47 2 25 49 6 11 7
11 40 36 13 12 39 15 4 41 33 42 34 45 18 9 46 32 31 47 22 6 21
23 27 33 14 34
8 33 22 29 42 10 32 40 15 24 49 5 48 27 50 9 37 1 3 19
49 26 34 32 50 39 6 13 10 16 2 7 20 33 37 35 31
15 45 35 33 13 43 44 26 23 20 32 34 28 48 49 16 22 41 19 3
32 11 26 6 25 7 41 18 23 28 22 20 49 19 31 35 12
15 50 42 45 26 47 36 22 19 23 35 6 13 40 43 33 29
34 40 41 42 37
1 9 42 43 18 4 8 38 27 3 39 11
40 31 33 22 38 35 45 37 19 36 11
17 46 43 16 31 12 30 11 18 9
17 7 47 46 5 9 13 41
48 47 39 20 50 13 21 4 14 6 23 17 5 31 41 8 46 18 7 42
40 18 37 34 48 46 36 49 8 5 19 32 42 29 26 2
35 19 37
48 9 22 33 45 41 38 16 14 49 19 25
18 39 7 32 1 49
39
43 10 24 25 35 34 2 29 37 3 7 38 12 41 31 1 22
31 24 49 34 2 47 50 16 40 37 14 42 30
18 26 39 50 46 6 36 12 20 8 47 42 35 5 48 7 29 9 43 11 1 41
44 40 42 8 25 17 19
1 42 44 22 39 19 45 3 37 47 25 8 35 14 5 46 26 6 21 16 18 40 41 48
14 20 43
22 41 9 36
16 36 34 30 8 19 23 21 49 37 43 41 45 9
2 44 39 28 29 36 10 33 17 19 31 38 24 21 5 15 26 22 20 14 13 16
46 13 15 25 2 16 12 3 14 41 5
38 16 9 31 24 21 25 32 12 35 50 17 47 49 39 13
38 7 18 22 3 48 10 11 13 29 19 41 24 33 36 5 47 35 17 31 23 1 34 42
40 12 33 34 37 49 13 9 22 25 14 43 50
16 14 42 27 24 26 13 29 20 21 11 38 9
43
21 39 6 48 32 34 26 47 3 17
10 17 29 27 41 5 50 47
8 21 13 44 17 28 4 42 11 22 45 46 40 38 36 25
22 36 8 39 4 3 9 16 10
17 33 42 36 47 27 7 50 4 31 29 10 26 48 40 49 21 44 22
22 37 21 34 1 6 15
4 27 21 14
10 15 11 48 37 28 19
28 10 19
8 33 25 46
4
41 2 18 17 14 12 16 29 50 36 37 6 27 46 47 13 26 45 40 48 9
15 11 9 17 30 24 50 10 29 21 31 49 38 47 18 23 33 20 25 13 14 39 22 19 7
46 5 13 7 38 41 15 11 23 31 26 32 18 9 1
40
3 7 13 36 9
17 34 14 12 27 20
35
8 36 18 12 32 34 24 50 33 21 30 15 43 7 42 45 46 20 48 6 13 23 17 29
30 37 3 11 34 20 45 22 7
26 5 38 9 48 33 19 12 7 20 41 37 1 34 43 3 8 27 42 2 49
24 46 12 33 16 41 11 40 25 47 22 38 45 35 23 9
46 3 23 1 18 12 41 48 8 27 47 4 28 2 9 50 14 33
8 25 19 28 38 11 48
24 4 22 48 35 2 33 15 11 31 16 10 5 40 26 38 47 14 6 36 27
3 33 21 26 40 25 43 47 49 10 14 32 34 31 22 28 19 4
44 35
43 23 4 35 40 34 30 19 11 44 1 2 12 38 28 8 39 41 15 31
33 32 21 5 39 8 15 13 14 35 6 7 2 49 10 45 18 31 46 9 24 48 27 36 12
21 15 26 32 12 16 23 6 45 25 9 30 1 46 50 29 13 3 42 7 36 40 20 38 4
44 11 16 20 19 42 49 17 7 45 30 36 50 48 3
9 16 22 30 1 4 8 34 39 45 20 28 25
5 11 30
32 1 15 46 39 27 23 50 8 33 44 2 28 48 9 37
39 32 20 46 45 23 15
40 13 19 15 49 27 20 50 12 21 35 29 22 33 5
6 25 4 48 30 18 8 29 43 39 15 36 42 44 9 33 7 35 12 40 26 45 23 11 50
11 33 20 2 7 37 14 26 8 46 25 45 44 48 47 50 34 3
12 32 42 10 37 47 14
39 7 50 47 31 12 42 48 44 4 26 24
28 23 45 5 35 49 9 2 33 32 27 46 17 11
6 15 33 27 13 34 7 40 47 49 20 31 21 10
49 13 40 14 10 41 39 33 21 8 27 36 20 4 50 25 12 42 38 45
16 32 46 37 9 8 43 22 2 34 38 12 15 36 7 42 17 19 27 5 35 1 47 29 40
23 38 40 25 34 27 29 33 9 1
41 4
43 31 19 14 32 25 49 12 8 2 28 6 34 18 27 38 48 15 21 44
19 5
48
25 22 11 37 2 49 34 17 13 14 29 38 15 33 1 20 9 42 21 28 23 30 5 50 46
29 38 19 14 12
17
6 19 48 35 9 26 41 43 2 21 49 47
38 23 47 31 4 9 20 43 28 37 19 21 49 13 24 16 44
23 30 26 44 50 24 4 45 35 27 46 31 17 8 25 48 41 43 10 36 14 29 34
42 11 2 1 3 44 4 17 30 37 45 22 14 39 12
26
4 1 45 25 43 31 38 12 42 2 41 15 50 47 16 30
19 27 47 33 28 26 43 29 30 39 13 6 31 24 25 14
20 24
20 45 22 3 1 28 24 48 19 34 40 49 13 10 21 30 26
17 47 45 25 42 29 35 12 10 43 30 11 32 14 22 36 1 41 8 7 50 33 34 27 23
6 41 20 38 16 8 10 15 39 1 22 7 50 47 2 17 14 48 36 35 33 27 26 49
41 10 6 46 38 29 31 12 3 4 22 16 25 9 37 34 7 15
35 14 3 42 18 39 4 1 46 32 9 2 50 47 41 45 8 22
40 46 47 8 42 50 11 12 37
26 33 46 9 42 12 4 31 13 8 28 48 7
28 42 40 49 15 10 43 37 46 20 27 14 8 21 41
10 32
42 47 8 41 16 33 26 9 15 22 17 32 30 35 7 20 18 2
20 43 39 7 22 35 45 47 41 48 15 25 37 31 50 4 28 24 27 9 30 18 38
17 30 29 8 50 23 10 5 44 16 35 9 11 34 19 37 45 33
22 48 14 13 36
47 16 22 17 50 6 41 5 21 26 29 24 46 2 9 20 39 34 23 38 49
43
43 8 42 34 7 27 46 45 9 20 35 14 33 40 23 24 18 3 1
46 50 36 34 18 27 43 20 41 19 38 23 21 22 9 16 11
37 22 45
2 8 20 5 10 40 12 25 44 38 31 32 6 39 47 42 16 28
32 9 28 46 13 16 17 6 22 18 36 8 40
42 24 5 17 11 1 41 31 49 2 26 14 20 48 10 29 38 12 27
15 42 18 36 44 21 38 13 47 25 31 30 19 5 1
34 10 3 24 47 48 39 29 49 37 22 27 33 20 2 16
1 41 49 43 39 35 32 31 11 6 16 26 44 12 14 7
20 7 16 14 31 27 13 15 39 23 34
6 10 49 48 21 44 15 34 30
38 17 15 36 24 47 5 40 8 12 16 49 10 25 50 19 26 46 41 32 21 43
1 46 14 48 12 31 23 28 25 44 24 37 2 38 47 41 5
11 31 50 30 43 40 32 20 17 46 34 6 24 35
48 4 21 1 17 8 37 41 42 46 6 13 9 22 29 31 5 50 12 35 20 23 24
48 26 24 3 32 35
40 32 24 34 7 14 20 15 27 17 48 46 2 6 11 10 18 1
33 31 34 9 2 18
1 14 3 26 2 34
41 3 37 23 35 38 15 18 39 14
5 24 34 35 38 15 10 47 45 14 28 18 12 2 41 11 23 3 39 48 36
34 33 46
6
13 14 31 23 26 28 43 24 5 39 42 30 34 15 35
19 32 26 6 25 36 13 16 39 2 29 5 47 8 10 24 11 4 38 34 41 28 45 12 42
24 50 6 22 16 46 35 4 43 41 2 11 26 29 21
17 33 40 42 36 44 8 26 15 23 43 41
28 47 12 24
45 26 35 3 12 44 50 17 16 31
19 48 30 20 42 40 3 44 27 45 32 14 34 50 7 43 15 47 37 9 6 16
7 46 48 2 11 1 9
2 39 18 33 23
30 17 15 40 39 24 7 16 44 50 9 22 11 3 33 47
8 16 9 5 2 35 6 31 22 27 21 30 14 45 48 36 41 18 11 25 28 47 1 10 43
46 22 13
31 42 44 21 27 47 6 28 32 18 3 39 43 16 2 49 19
41 33 19 2 4 20 14 25 22 43 30 3 42 31 46 38 44 5 23 32 39 37 48 34 7
23 35
