20
20 10 12 5 19 7 2
19 7 9
11 16 12 8 6 20 9 17
19 18 15
17 15
10 8 9 17 20 11 18 2
20 13
18 11 12 10 19 5 7 15 14
3 2
4
14 3
5 1 12 19 16 17
10
17
13 14 7 6 19
20 3 14 7 18 12 5 17
2 1 12 16 15 13 14
8
14 6 1 13 8 20 5 10 7 2
2 15 10 17 5 19
9 1 6 15 10 20
15
15 11 14 1 12 17 6 20
7 19 13 18 6
1
5 18 11 4 7 1 19 8
11 20 5
9 19
15 11 5 4 16 3 18 17 8 14
17 19 4
8 10 6 1
6 18 8 12 7 19 3 9 20 13
12
7
11 6 16 20 2 14 5 10 18
11
3 5 1
6
15 5 18
14 3 10 18
12 19 5
10 2 18 17 7 12 3 11 1
1 14 15 4 20 3 8 19 7 12
6 2 7 14 3
4 19 3 6 10 12
17
2 20 17 6 4 11 3 13 15
16 13 5 7 1 6
13 10 19 7 9
14 2 10 6
2 10 5 1 11 20 3
13 2 14 17 18 8 9 15
4 17 3
5 19 20 8 16 14 18 4
4 13 19 17 9 11
19 16 17 5
6 17 2 4 12 8 13 18 16 7
6 4 19 2 15 17 10 14
20 18 11 8 16 14
10 19 7 8 11
14 18 10
20
10 12 4 13 9 16 15 19 14
4 12 20 15 14
3 2 12
9 15 13 4 2 6
6 13 2
3 12 5 1 2 18 11 14 15 17
8
15 7 18
10 13 3 7 18
11 12 3 4 20 5 16 8
14 5 2 10 20
3
20 1 6 11 14 19 16 18 4 13
17 16 4 6 3
5 2 3 14 13 10
8 6 2 13 16 9 10
16 18 1 11 10 14 17 19
4 9 14 11 10
5 1 18 4 2 9 17
7 20 18 15 16 6 19 4
11 15 12 9
1 10 15 11 6
14 11 6 12 4 17
5 4
9 14 19 13 11 2 1 10
15 10 18 8 11 16 20
14
20 4
15 7 4 12 20
13 6
7 14 3 4 10 17 5 12 1
16 7 14 20 2 6
14 19 3 20
1 13 19 9 18 15
13 18 3
16 20 6 9 3 19 18 5 10
13 17 15 2 20
4 20 19 10 6
15 14
13 8 19 18
14 5 9 19 8 10 13
13
10 2 12 6 7
7 15 2 4 18 13
15 18 6 10 2 12 3 17 8
19 3 11 16 10 8
13
6 7 18 3 20 9 11
6 12 16
15 10 18 11 20 6 14
1 17 13 20 7 16 3 11 15 19
2
1 15 19 12 16 4 2 10 13 8
4 12 8 1 17 20 6
12
15 5 8 9 19 3 13
10 12 1 6 20 14 11 4 13 9
9 12 20 19 18 10 7 13 15
1 19 14 4 7 11
9 14 19 18
18 12 8 2 1 5 13 7 15
17 16
6 5 9 10
11 1 17 12 13 3 2 8 15
5
16 15 18 14 9 12 13
16 2 10 19 15 1
3 9 18
20 7 10 6 5
16 20 17 9 18 5 10 12 13
6 20 8
16 14 10 4 18
12 3 4
12 19 6 18 16 4 1 8
6 2 16 9 12 11 7 3 17
17
3 2 11 12 8 18 1 5 9 17
12 15 16 13 7 17 6 10
19 5
14 9 15 8 1 10 13 6
5 10
18 12 14 15 4 7
4 18 19 5 9 8 11 2 3
10 1
20 10 8 3 2 4
18 15 17 11
20
5 2 18
1
18 16 1 13 7 19
16 6 9 19 1 18 14
14 10 9 4 16 1
15
19 4 13 20 10
18 15 9 12
6 12 13 4 8 3 10 19 14
11 18 7
6 3 18 12 11 13 9
12 6 2 10 16 3 20 14 18
1 10
9 10 15 16 4 13
9 4
9 20 16 5 7 6 8 1
12
13 7 10
14 13
18 19 7 4 9 2 3
4 18 5 16 17 7
11
7 8 20 14 19 3 12
1 17 3 16 10 4 8
19 4 16 1
3 17 1 6 9 4 10 13
16
6 3 15 7 5 4
18 19 17 10 15 1 5 20
15 9 12 19 16 18 7 14
7 6 16 10 14 2 11
3 18 6
12
7 15 19 5 9 11
19 1 10 7 14 11 18 4
8 6 12 14 17 16
18 19 14
14 19
14 10 2 20 11 6
17
4 15 19
11 19 5 12 1 15 9 8 20
14 12 5 3 18 8 17 15 7
11 18 7
16 12 7 1 20 13 17
16 17 4 6 3 1 8
20 3 7
7 6 1 13 17 15 16 4 10
18 3 20 9 16 8 4 2 11 14
11
15 4 6 12 8 1 11 19
