50
27 43 33 18 26 41 45 16 12 46 14 28 2 19 8
1 47 20 10 48 42 5 24 18 35 33 14
10 39 26 3 49 29
4 11 38 22 36 20 10 47 23 43 6 48 30 41
15 28 48 39 8 40 36 13 38 49 25 32 9 16 14
24 11 50 12 16 10
33 18 4 26 32 16 27 44 12 25 20 46 38 17 5 43
38 3 33 16 32 20 11 42 49 29 26 43 2
17 21 37 5 46 47 24 50 39 9 45 28 42
24 37 32 50 4 13 14 9 31 42 29
5 47 42 46 8 17
29 36
28 38 4 3 11 39 49 22 23 2 17 16 42 34 36 30 21 40 45 25 29
3 32 41 18 26 44 15 29 13 28 37 16 30
6 43 15 16 49 33 46 34 17
5 46 41 38 42 39 43 29 47
11 50 27 26 22 46 8 42 28 7 34 3 1 37 20 12 39 30 10 9 18
29 32 27 21 2 31 42 15
34 19 24 23 42 33 12 22 10 37 17 46 27 13 15 5 44 1 39 3 20 14 47 4 36
34 27 32 41 23 47 6 11 37 9 8 2 13
26 29 46 8 36 15 48
39 46 47 18 41 13 3 34 16 40
24 10 6 1 16 41
48 20 38 36 40 44 49
9 8 48 23 29 39 5 18 31 19 20 41 50 11 27 21 43
12 34
46 22 16 4 25 42 35 10 49 36
49 7 10 2 33 18 13 43 17 44
47 2 16 6 14 5
45 39 11 41 40 13 29 30 2 7 38 19 50 26
10 32 1 20 6 31 34 42 11 4 27 37 2
24 8 19 10 34 50 15 39 27 31 6 47 38
12 44 2 10 26 4 9 16 39 32 30 17 47 7 11 43 20 48 25
38 29 34 20 24 13 11 9 15 17 50 43 41 49
38 16 14 41 7 31 10 11 21
40 43 13 34 25 50 37 20 30 28 19 36 22 3 44 24 35 18 42 21 38 48
43 38 7 13 34 18 41 14 31 27
3 44 24 22
22 9 28 14 46 6 29 17 5 23
38 32 23 9
12 23 44 32
11 19 33 26 10 45 20 27 49 47 23
19 13 42 30 21 33 20 22 24 5 49 45 9 38
32 36 11 40 42 28 24 6 15 7 46 16 19 27 14
31 25 20 46
12 36 35 48 7 8 50 28 22 43 15 21 17 46 37 11 20 49 27 10
9 45 14 38 2 25 47 50 29 41 44 49 18 19 28 3 15
37 32 21 42 5 38 14 50 28 3
9 16 27 43 38 35 22 47 21 8 39 11 33 44 2
6 16 23 28 42 20 3 45 18 41 35 24 38 47 29 43 49 4 40 2 19
44 3 47 31 19 22 20 46 1 26 25 15 41 24 11 42 17 43 5 29 23 36 16 39 27
22 18
45 18 2 44 30 34 3 4 27 43 21 10 13 41 8 23 14 6 38 31 22 16 12 49 15
36 13 37 3 14 29 24 2 18 45 23 26 17 4 30 1 20 15
20 8 13 39 38 33 23 37 17 5 4 30 34 24 25 9 7 12 18 41
36 40 50 16
6 14 41 2 16 3 7 1 39 44 18 48 27 35 50 15 25 4 46
21 29 26 20 34 10 24 33 4 6 25 5 18 15 40 43 9 42 3 23 47 17 38
34 11
7 1 11 42 47 6 41 46 13 33 34 39 5 4 30 24 3 20 48 22 44 19 31 38 29
48 27 21 43 4 12 28 2 46 13 14 45 7 41 24 1 44
7 40 5 37
2 39 16 17 44
16 46 35 6 5 25 45 31 43 9 39 10 24 12 23 29 1 11 49 19 40 36
6 1 34 45 15 25 5 12 41 18 39 3 10 20
18 49 24 23 27 1 5 17 22 41 37 12 31 8 3 38 30
2 4 27 38 3 35 31 49
49 16 4 50 2 27 47 9 42 25 14 12 28 36 46 22 1
28 1 8 23 46 19 49 3 43 48 42 13 36 7 39 32 40 6 33
21 33 10 48 12 24 5 49 11 27 34 6
37 36 45 39 6 14 48 46 2 27 16 42 49 23 17 15 33 41 25 38 5
48 43 24 15 17 42 26 25 19 49 10 34 37 9 1 3 23 22 4 5 30 35 29 45
11
22 46 28 42 39 5 24 16 45 50 26
30 41 49 45 14 19 17 38 15 2 36 13 26 1 42 8 33 23 46 34 47 37 43
8 46 26 49 27 37 29 38 47 6 50 30 11 18 4 23 41 36 42 39
45
3 14 45 18 2 37 48 4 38 30 41 15 35
48 13 6 31 45 2 26 8 28 43 35 16
1 20 12 6 43 18 50 5 38 46 45 11 26 23 22
14 24 5 17 26 21 50 38 30 11 34 9 22 19 8 32 3 47 31 13 18 43 1
38 31 7 48 49 14 37 28 35 41 29
4 48 8 18 30 32
50 45 10 21 38 18 37
42 14 22 18 33 47 4 25 17 27 37 13 15 31 45 44 5
38 25 17 22 19 7 50 1 28 2 47 39 26 48 31
46 50 10 37 2 31 19 1 25 47 8 13 3 15 34 41 45 36
22 49 40 23 4 9 27 41 44 3 15 26 37 25 30
25 40 30 20 24 6 10 5
6 20 25 32 48 35 33 21 18 38 40 3 42 9 2 14 31 47 5 16 46 24
16 46 12 35 24 45 5 41
34 10 6 17 41 49 22 47 8 5
9 40 22 43 28 8 49
23 18 19 32 47 14 5
29 6 40 47 19 16 45 31 44 23 46
10 38 33 8 39 24 11 46 26 21 2 6 35 3 47 30
8 40 42 38 18 14 33 43 46 29 41 24 13
15 43 9 6 36
43 35 23 26 29 32 3 50 12 37 11 20 40 31
9 49 1 12 47 21 31 23 28 35 18 2 24
40 15 49 33 8 39 48 16 7 27 44 10 14 50 4 20 17 31 9
27 3 18 21 15 1 12 43 26 34 44 41 16 7 13 49 10 20 9 33
38 12 39 33 25 21 47
47 48 38 20 30 32 21 5 8 11 49 28 34 2
35 15 26 22 2 27 23 13 16 6 49 45 46 36 25 20 33 14
14 13 38 5 8 46 3 25 28 35 17 32 9 24
50 5 12 49 23 37 6 25 28 2 42 33 14 27 16 47 10 39 11 17 29
4 43 20 17 48 5 19 13 44 7 33 1 24 26 37 38 31 11 39 36 35 40 46
36 30 2 40 50 6 39 43 38 47 20 33 27 12 14 15
18 39 19 24 44 30 5 35 12 25 37 16 43 32 7 34 6 21 36 4
47 11 30 20 46 42 28 27 38 41 26
21 29 24 15 33 17 30 4 46 28 26 1 13 35 10 12 32 38 23
18 11 1 21 16 47 34 40 14 35 43 46 36 44 29 37 41 33
40 42 2 31 41 28 25 19 9 47 3
12 10 16 19 28 7 5 45 40 38 47 37 36 33 31 30 44 34 42 8 46
28 31 29
35 27 39 41 2 48 46 26 37 5 11 21 47
23 16 11 32 10 47 41 42 24 43 39 37 50 31 30 38 49 21 29 18
13 6 19 9 25 48 44 33 50 3 36 31 2 15 12 24 7 37 23 4 1 41
2 46 31 6 38 35
5 15 34 1 9 25 41 11 17 35 45 2 46 30 12 49 48 16
5 22 12 26 7 40 1 21 9 4 24 2 20 46 19 42 45 10
8 23 35 5 10 4 3 28 20 38 49 48 1 34 45 22 24 42 29 39 26
27 6 40 38 10 47 33 13 43 1 21 37 8 50
21 47 15 26 8 12 37 28 38 5 19 31 27 10 41 24 49 50 11 25 48 7 32 2 13
38 3 20 1 15 17 19 45 25 32 29 35 28
16 19
1 47 7 5 45 4 26 25 49 27 9 48 18 11 44 37
45 25 27
8 9 42 50 5 38 1 30 6 10 34
40 18 48 46 32 47 36 29 5 50 35 1 38 25 16 33 13 39 6 20 44 37
31 38 33 16 5 35 22 28 44 45 9 26
44 3 45 14 5 28 50 38 36 35 1 26 18 37 13 2
38 3 12 37 47 8 41 50 48 33 39 40 27 30
12 50 7 5 32 36 25 30 21 38 47 33 14 18 37 46 6 35 8 39
17 3
24 17 12 8 37 23 4 38 44 13 50 49
17 2 20 4
23
8 30 36 42 47 15 32 29 13 4
13 16 19 32 41
44 9 32 38 6
41 37 22 3 39 36 24 42
47 27 33 4 2 17 7 29 5
5 9 6 13 25 23 8 36 3 20 4 31 44 7 11 16 30 46 18 35 17 26 38 48 24
45 25
1 3 49 15 19 35 26 25 40 27 18 9 50 36 39 30 16 31 29 24 42 28 10 14
21 3 24 29 14 50 18 9 17
23 22 39 30 36 42
10 39 6 45 36 40 3 14 35
11 48 12 50 30 8 27 6 32 49 41 44 28
10 42 18 22 23 15 39 9 34 50 13
3
21 29 30 4 46 32 11 26 8 38
30 12
41 31 4 28 45 20 15 23 42 39 35 13 3 9 46
17 11 22 45 35 27 42 5 3 31 30 20 37 7 16 2 34 21 13 41 10 38 6 40 1
32 22 25 2 30 9 18 44 43 14
18 12
28 42 8 36 43
24 21 49 2 12
17 20 42 1 39 28 8 7 40 24 45 5 11 3 33 30 48 22 46
32 48 30 43 12 23 13 31 46 50
5 44 14 46 38 49 42 4 34 36 45 6 37 15 26 28 31 41 1 20 16 19 27
4 11 10 50 47 26 14 45 30 20 46 16 9 23 6 39 24 27 18 43
18 35 9 30 26 48 36 8 16 37 15 40
31 25 50 22 38 44 28 21 13 42 12 32 24 7 19 18 20 6 29
39 13 14 6 10 36 11 21 30 31 16 2 15 45 18 7 28 22 47 32 40 44 24
14 42 3 49 44 30 47 9 10 38 45 35 1 22 5 15 16 6 23 21 36
8 18 22
21
18 36 7 31 12 33 6 22 11 50
49 14 30 39 50 45 25 9 18 4 20 17 28 12 13
13 50 34 47 36 42 21 9 39 30 16 2 38 6 48 37 19 14 7 28 11 44
39 40 28 47 7 8 44 48 20 37 9 2 4 26 22 42
10 37 41 9 12 4 50 26 43 36 19 3 5 30 11 39 21 8 49 16 38 22 13 40
19 36 33 49 28 8
9 32 8 14 19
40
4 49 40 48 17 38 25 42 43 45 27 41 34 15 7 31 13 39 20 3
33 5 8 45 35 28 7 25 39 10 30 22 11 1 49 6 38 44 37 3 12
22 39 30 5 24 10 3 8
38 41 28 13 21 27 26 43 18 34 46 7 39 11 1
37 42 25 22 45 27
2 12 22 43 34 35
41 7 35 22 11 3 4 48 34 19 6 32 50
30 2 44 22
45 20 12 49 2 27 13 22 6 3 23 15 34 11 40 30 33 25 5 41 8 46 36 17
39 5 7 22 49 15 4 46 25 45 10 43 17 20 40 48 35 19 36 3 33 1
7 17 6 8 10 49 12 27 11 48 24 45 9 5 21 43 35 32 20 18 50 26 3 14 38
23 11 12 24 46 20 17 2
28 24 11 7 37 13 8 38 39 35 26 32
38 43 40 19 11 47 20 10 28 24 4 13 42 15 23 34 26 9 50 33 44 18
47 24 27 23 18 29 44 11 46 38 45 21 25 12 48 40 31 22 14 16 5 42
40 20 3 31 7 45 1 37 11 14 10 4
16
16 36 6 30 27 22 35 42 48 41 28
36 48 32 25 2 27 3 50
43 27 15 34 25 45 28 48
45
