50
12 22 40 47 3 37 48 6 30 21 17 19 38 31 18 11 20 16 33 1 29 26 10
36 41 27 16 35 19 30 14 17 23 7 11 45 42 18 1
17 47 36 40 34
28 43 14 42 18 44 40 37
11 12 2 28 42 9 10 27 36 24 32 5 18 41 23 13 21 47 3 1 48 50 37
20 6 1 47 4 21 26 5 28 22 32 18 15 23 29 17 2 39 9 42 49 43 14 27
9 34 27 15 12
31 30 45
44 20 33 31 14 49 2 34 16 43 37 11
11 23 42
5 27 16 2 7 6 8 43 21 32 17 15
10 11 33 42 8 6 31 38 16 1 3 46 12 14 50 47 28 34 44 43 17 32 48 5
5 32 15 42 36
38 37 20 22 15 23 10 16 43 30 21 24 9
39 1
20 6 22 19 2 8 33 48 3 44 46 34
13 41 18 33 20 10 38 29 50
40 33 24 30 22 39 50 49 31 29 19 42
7 33
24 49 27 20 18 6
37 9 8 45
31 22 12 48 17 42 19 21
7 30 13 36 50 12 39 23 43 10 1 9
5 50 46 37 20 11
6 21 49 3 24 23 14 33 50 8 26
15 50 23 9 38 42 8 43
36 49 31 32 9 5 40 33 10 46 38 7 18 30 43 45 16 35 4 25 1
9 37 39 22 11 47 17 50 13 14 18 7 41 1 16 6
41 18 7 40 45 33 34 43 9 47 35 1 13 8
27 39 26
41 40 1 7 42 3 6 45 22 12 25 46 29 15 38 18 21 35 27 28 49 30 2 4 9
20 37 33 42 45 9 25 11 27 26 4 5 1 47 3 29 32 18 31 10 15
31
27 48 44 18 24 38 22 45 14 20 26 11 41 10 37 46 12 50 7 28 8 1
42 36 48 28 15 21 32 43 23 9 16 49 50 12 39 24 5 31
16 50 2 19 29 22 1 23 4 20 46 17 12 7 5 49 25 3
18 50 3 43 24 25 6 47 14 48 1 46 15 23 26 19 38 30
22 47
23 44 34 29 26 43 17 25 24
21 46 18 22 17 40 28 13 2
35 47 30 7 48 12 5 2 22 1 44 32 41 13 14 43 3
22 36 24 15 14 20 32 8 17 40 10 3 41 33 31 26 7
21 36 25 33 46 41 43 28 23 49 24 7 34 44 11 40 16 3
30 4 19 1 48 42 5 27
24 49 42 40 50 22 7
6 49 10 50 41 28 25 17 33 48 13 23 36 37 39 14 19
1 6 37 50 17 27 34 31 12 36 40 18
26 27 22 50 9 29 3 38 34 14 23 13 48 28 45
24 36 43 27 26 47 37 25 9 28 1 23 13 16
8 41 6
24 48 22 45 16 7 14 33 5 21 36 26 9 6 20 38
40 49 8 4 32 39 34 30 46 16 41 20 43 10 33 14 21 29
30 36 12 35 25 37 21 33 34 20 9 47 44 1 38 49 22 13 6
37 42 38 33 1 41 44 40 4 27 31 48 12 9 49 46 47 25 36 30 2
46 45 8 23 10 15 38 31 50 44 1 17 3 48 41 27
3 49 9 12
10 5 43 38
10 26 2
39 22 13 42 40 19 15 38 9
46 36 26 14 38 9 8 25 29 13 28 32 1 50 30 10
23 35 36 33 50
44 37 5 11 39 34 10 27 33 20 22
25 46 20 12 17 10 22 41 27 23 33 26 37 14 34 2 48
22 49 13 50 5 23 10 18 19 44 28 30 29 24 47 9
24 34 10 46 21 44 22 14
9 34 48 40 39 12 19 33 36 31 15 27 4 2 20 37 8 28 38 26 32 25 42 49 7
3 43
30 31 35 5 24 49 39 37 34 20 41 7 33 11 2 40 21 44 10
21 46 29
3 44 47 6 38 18 35 15 49 17 7 50 26 23 13 41 32
18 29 3 34 44 42 9 35 43 37 13 40 1 20 38 4 5
43 18 45 24 16 39 25 40 7 23 8 32
10 14 6 24 3 37 4 18 7 13 47 43 19 46 40 27 25 16 12 44 28 38 15 26 1
29 24 7
24 49 1 5 46 2 39 40 42 18 27 16 45 7
29 18 38 23 36
24 15 13 46 4 49 10 47 42 2 44 45 19 30 1 12
33 27 37 4 41 39 49 1 13 34 50 28 19
4 31 14 37 21 7
12 18 16 35 5 29 24 19 14 2 23 20 9 43 11 27 40
35 27 7 37 36 25 38 33 11 3
31 21 37 24 25 2 23 4 26 20 44 22 43 15 41
46 43 25 11 30 22 15 24 28 35 47 49 17 32 10 14 27 4 9 7 36 23 50
12 48 42 19 4 15 18 39 40 1 17 31
43 28 10 23 7 1 46 18 25
5 28 18 48 6 19 31 10 15 3 43 12 23 40 7 35 45 41 22 39 26 11 38
15 32 14 27 17 30 12 31 43 24 39 25 37 23
3 24 39 44 49 10 8 11 2 31 9 36 14 18 29 40 12 4 46 38 30 19 28 35
32 45 35 1 42 4 5 39 34 10 31 46 17 2 22 26 7 33
21 35 16 39
35 50 19 41 46 5 33 36 10 12 22 49 43 29 39 16 25 34 26 18 17 44 1 20 23
4 17 47 30 8 48 18 32 40 36
8 38 40 41
1 15 32 17 30 19 7 22 29 46 33 44 2 23 37 20 8
46 3 5 14 8 13 2 9 33 18 12 22 4 26 15 16 48 11
44 3 1 26 13 47 8 35 16 33 50 14 46 4 38 17 45
13 43 36 39 2 45 31 29 21 48 33 42 32
22 7 35 11 39 23 25 16 47 19 9 8 32 36 1 3 2
18 39 13 28 35 40 46 42 32 23 7 50 26 17 31
45 1 34 30 46 33 28 26 2 16 49 25 27 47 8 50 48
31 47 38 49
5 41 48
23 25 41 37 22 46 44 34 40 39 48 4 24 20 7 21 27 3 47 8 38 11 31 10
7 18 49 17 39 21 33 23
32 46 42 37 25 9
40 37 6 24 9 42 32 38 43 30 10 7 12 13 28 8 21 25 31 2 34 3 44 23 20
7 45 22 50 10 27 40 19 6 21 48 38
14 29 7 17 12 35 46 41 28 2 38 11 36 22
14 34 8 2 39 41 4 5 6 40 23 13 33
10 31 22 38 35 49 26 30 41 36 23 29 7 13 45 16 2 9 11 21 46 4 18 40
1 23 18 26 50 8 40 22 16 13 43 12 34 19 6 32 28 42 4
28 17 47 44 7 40 41 43 6 38 32 22 9 39 21
7 50 17 46 27 29 24 36 32 10 37 18 44 13 31 25 2 42
41 47 6 29 48 32 43 5 10 24 18 28 45 37 50 40 36 4 13 8
39 28 33 41 45 29 32 10 13 35 3 18
7 31 50 19 21 30 25 39 14 49
15 7 10 44
7 20 13 36 1 17 32 44 26 46 11
36 11 50 9 49 1 6 45 13 30 32 47 31 25 34 24
43 21 5 30 46 49 48 27 2 31 41 3 8 20
41 21 40 1 50 22 34 12 15 44 46 43 32 45 27 33 48
41 17 13 15 33 21 50 27 11 6 49 12 32 5 47 2 40 4 29 36 44 10 37
2 27 30 3 50
31 38 37 18
25 43 11 36 27 24
9 13 12 24 6 49
48 41 15 4 43 30 45 2 19 5 13 38 25
43
19 40 42 50 16 35 9 5 11 26 43 22
16 1 8 17 39 5 40 6
45 49 17 46 20 43 9 7 33 50 29 21 27 28
41 30 24 39 32
5 43 6 42 3 1 50 23 27 24 15 48 47 13 35 21 44 17 38 49
33 42 39 20 25 40
14 6 35 8 23 1 24 45 43
19 25 46 34 18 14 31 23 21 30 4 38 11 10 44 29 40 12 37 36 47 43 50 15
11 3 44 8 17 25 13 24 14 42 23 10 40 30 33 2 21 43 36 48
23 36 9 40 43 26 2 29
1 27 24 50 14 36 26 9 20 42 40 28 43 22 30 12 19 2 8 32
27 34 8 46 20 28
43 13 50 2 32 40 41 29 21
18 44 15 13 38 12 37 6 29
14 35 11 4 17 42 39 25 18 21
31 21 8 47 46 19
4 47 3 20 34 44 48 25 16 46 23 41 36 31 42 26 33 27 9 32
42 36 13 39 23 47 22 32 31 37 2 26 50 19 30 3 1 44 24 20 12 15 18
36 50 33 20 48 49 35 34 44
3 18 28 35
10 3 43 1 40 32 11 25 29 37 24 47 38 30
41 20 5 19
22 6 2 20 19 32 31 29 25
22 2 17 43 41 12 13 8 50 19 28 16 32 39 38 18 37 4 49 7 10 42
27 18 24 39 40 48 7 28 20
15 25 35 27 22 38 44 37 29 17 3 23 13 32 4 20 48 46 19 5 41 14 30
27 18 3 16 14 5 49 24 22 50 6 9
4 18 11 37 21 35 48 16 17 3 12 8 42 30 26 38 28 7 49 9 2
19 29 47 26 9 5 49 6 8 12 7 41 13 39 2 33 22 17 21 28 34 44
14 23 22 9
28 48 37 20 46 27 2
27 39 28 46 4 33 45 47 24 5 20 38 26 12
24 8 35 46 10 50 21 43 3 11 38 12 7 25
32 2 8 27 11 16 5 37 6 30 25 39 50 21 3 34 49 20 7 36 35 19 46
33 29 50 39 5 15 18 44
36 5 16 22 47 42 2 25 38 14 15 49 10 11 20 24 26
4 29 44 15 1 42 22 24 21 9 30 11 5 48 18 41 14 2 38 26 34 35
36 31 20 14 34 48 10 6 37 8 22 26 38 17 4 24 15 30 2 19 47 42 29 50 9
41 28 5 42 38 26 7 27 3 50 12 8 47 9 36 22 37 16 20 24 18 32 29
45 23 20 40 27 35 42 41 46 43 44
21 16 7 8 22 15 41 11 39
1 27 6 13 30 26 45 9 35 32 22
16 21 38 43 47 34
32 18 30 44 49 17 3 5 24 9 13 16 41 11 4 23 37 36 28 2
5 46 49 28 42 44 14 13 40 35 45 3 26 34 50 31 32 22 43 4 29 38
9 50 39 30 15 44 18 6 35 5 47 43 49 23 41 21 8 36
10 44 40 11 7 28 25 33 2 19 38 26 37 15 12 20
20 37 8 22 28 49 39 16 12 43 36 5 4 40 23 19 35
12 21 42 5 40 49 39 31 24 3 35 43 37 33 11 32 46 9 47 38
35 16 20 2 32 1 29 7 46 45 34 33 14 41 30 39 13 28 6 10 40 19
37 43 19 47 24 7 29 48
26 14
29 6 7 9 40 43 27 21 44 41 38 14 24 36 23 26 5 19 3 4 11 35
21 35 5 42 43 29 44 49 25 19 33 50 20 22 12 7 34 1
4 45 8 15 40 21 43 46 6 20 11 7 12 27 2 25 17 49 23
26 20 17 2 50 41 6 42 21 46 8 32 28 47 44 1 12 16 39 45 36 4
49 13 31 45 39 27 23 44 34 30 28 36 43 20 2 42
20 14 18 26 30 24 48 49 2 6 45 11 42
7 48 43 5 46 38 47 49 40 36 29 35 39
24 9 26 10 1 11 42 50 48 23 32 37 13 47 29 31 18 28
14 1 9 32
50 42 19 2 49 48 33 5 43 1 11 46 37 7 14 36 39 26 30 40 41 38
1 8 17 38 28 15
38 33 10 44 41
50 13 26 23 35 19 14 11 12 27 43 2 9 42 46 41 34 44 49 25 24 48
25 26 50 45 40 5 29 48 34 15 2 10 8 30 43 18 42 35 24 44 47
24 34 23 36 12 28 25 44 14 21 20 39 47 4 22 26
14 2 38 36 7 4 35 43 15 20 10 26 16 31 22 9 50 17 45 5 23
1 49 4 27 6 21 17 9 22 3 42 25 39 15 41 14 16 44
24 49 23 16 31 48 46 30 41 38 3 39 14 2 11 20 7 42 13 4
16 34 4 45 18 37 14 9 42 1 3 24 21 43 31 6 28 10 26 33 30
39 30
49
44 8 31 40 22 1 41 23 3 10 20 2
18 22 7 4 50 39 8 24 37 10
44 21 16
23 19 41 33 36 8 10 20 6 15 35 22 29 28 24 30 43
25
39 33 38 12 21 6 8 25 35 15
44 46 32 16 38 4 33 15 36 30 8 1 24 49 29 35 42 45 22 21 37 43
18 37 11 49 27 45 14 21 35 16 42 47 17 32 29 10 13 12 4 31 25 2
45 48 36 1 44 50 43 5 21 19 32 10 13 46 20 29 24 28
15 8 6 14 25 34 50 17 41 21 3 2 13 49 45 18
47 25 37 38 50 40 22 19 34 4 39 18
31 50 6 1 14 11
5 13 15 43 11 20 44 6 18 22 38 19 45 39
34 36 10 19 9 18 12 46 1
11 36 21 28 31 15 7 10 40 43
14 6 21 33 15 27 40 10 46
23 15 49 18 24
39 13 9 19 49 15 43 50 16 34 41 18 20 2 22 26 44
15 35 22 39 40 33 42 44 32 24
7 14 28 46 2 29 19 42 32 16 41 47 38 27 6 5 20 37 15 26 22
38 11 24 18 40 31 29 10 9 32 16 20
35 46 22 5 2 36 26 33 18 24
20 50 41 24 40 34 38 8 26 9 18 47 35 23
2 27 24 19 29
36 37 42 35 47 40 39 13 20 23 28 18 17 11 25 19 24 10
7 41 12 33 17 26 48 50 9 24 25 15 37 11 38 18 30 3 5 46 22
8
49 13 20 16
32 36 25 3 14 37 5 48 29 6 13
48 35 31 6 14 4 28 3 24 15 34 16 22 44 21 39
50 45 17 13 11 15 12 22 42 48 30 23 8 34 7 24 26 9 19 1 35 31 5 49 39
15 30
17 49 23 44 1 40 42 47 4 25 8 31 24 2 34 3 48 38 50 6 27 7 33 37 20
9 11 21 27 40 33 1 8 49 13 48 15 44
10 2 50 45 38 47 18 13 21 26 22 49 1 37 11 6 43 44 25 19 46 7 30 5 31
44 43 7 33 40 11 38 8 15 30 3 17 20 45 23 46
32 47 25 44 37 1 50 11 22 7 49 42 5 14 9 3 33 35 43 15 18
28 2 4 30 20 15 8 43 7 19 37 26 16 44 31 36 45 49 29 41 34
22 33 26 46
11 31 27 18 16 50 44 6 40 21
33 46 10 22 42 35 15 23 8 3 27 43 32 34 50 2
38 24
6 21 49 29 28 2 40 32 31 42 24 30 43 11 16 12 10 3
19 4 48 5 40 47 12 50 18
13 10 19 50 24
29 40
35 39 34 18
18
23 49 1 40 28
18 50 49
13 9 11 33 24 46 5 38 35 37 10 26 4 1
21 1 6 29 3 45 37 22 34 43 8 17 26 35 11 38 2 32 4 13 31 30 44 9 14
35 13 27 12 46 40 43 2 21 25 15 29 42 3 24 1 49 28 34 39 20 44 6
16 47 7 8 49 20 41 31 17 26 45 37 28 36 3 22 14 4 40
49 29 34 39 2 28 15 41 37 10 8 3 31 30 7 46 50 25 5
19 38 31 24 50 47 45
3 2 10 39 41 20 6 21 5 38 16 12 25 22 32 31 26 9 42 7 27 13 30
17 32 13 12 10 42 9 11 27 44
22 2 33 20 6 18 25 43 34
30 15 8 49 17 29 18 43 27 41 40
13 42 14 16 4 32 3 50 47 12 1 41 49 37 24 20 29 17 22 48 25
18
4 27 3 17 49 46 9 7 1 11 20 18 33 31 24 25
8 27 7 12 24 23 21 36 37 30 47 42
49 27 16 17 4 32 20
38 48 45 14 41
8 5 11 1
16
48 11 26 39 23
49 46 22 23 11 15 18 30 43 50 27 21 35 28 7 17
30 8 32 31 29 18 20 3 24 26 21 23 46 33 19 4 5 43 11
31 41 4 32 43 10 3 39 50 44 11
41 37 36 4 29 16 22 20 47 34 39 50 14 17 32 49 28 27
30 16 1
35 12 9 16 28 7 4 37 17 10 5 19 44 38 47 40 32 11 25 14 24 45
38 40 5 34 9 19 30 10 7 17 21 1 39 4 33 2 45 8 11 18 6 26
31 6 40 37 22 27 49 38 48 11 25 26 36 13
15 29
47 3 11 46 25 2 1 31 26 14 41 48 40 43 50 13 16
13
9 31 28 34 41 37 48 6 4 11 50 21 43 19 17 18
22 46 16 11 10 15 3 6 21 20 37 18
7 34 40 9 25 46 20 28 8 38 36 43 16 18 35 37 13 50 44 4 17
34 8 42 6 31 7 41 15 23 21 29 28 30 33 50
10 38
41 4 31 17 3 40 2 37 15 19 20 46 42
14 49 34 28 26 50 8 36 39 48 18 45 21 24 32 41 46 37
31 30 8 35
17 25 1 30 6 3 27 31 15 11 43 23 40 16
42 28 49 7 1 25
12 4 29 40 8 30 34 23 50 38 15 41 31
48 50 13 39 3 10 43 46 34 45 47 4 28 35 1 49 17 15 27 40 25 8 23 37
37 29 49 50 6 46 17 18 41 1 23 34 31 38 35 25 3 28
41 40 31 43 32 25 39 50 46 42 3 28 20 48 49 24 7 21
6 45 44 16 11 46 47 12 18
8 16 2 25 20 37 47
3 2 31 28 22 4 9 6 7 34 12 36
49 6 32 38 34 43
47 48 29 14 11 41 12 35 6 20 50 42
44 15 5 26 24 13 28 48 25 1 35 39 4 36 40 30 46
15 38 41 1 10 23 47 19 29 4 3 26 40 34 25 5 22 24 44 37 13 46
14 22 33 40 4
7 46 47 15 2 26 8 32 49 17 1 42 45 20 27 5 28 18 19 6 39 11 10 37 23
46 19 38 49 47 20 45 3 31 39 27 28 13 17 33 18 48 10 25 21
47 19 41 35 38 21 28 18
22 36 45
9 35 18 36 26 46 38 6 20 22 34 13 23 11 42 33 50 37 29 47 21 15 30
32 48
5 22 18 3 44 33 42 13 37 29 30 4 12 31 9 21 15 10 28 14
2 34 36 28 4 24 44 47 5 43 40 7 41 16 45 49 6 37 42 21 48
30 8 38 1 47 9 37 20 4 24 13 11 17 44 12 43 23
10 9 13 8 17 22 46 26 2 5 6 47 43 32 16 42 7 37 24 35 19 28
42 35 12 8 44 17 41 48 47
30 21
44 13 40 48 37 29 5 3 9 14 22 39 4 30 43 24 38 46
3 28 18 19 44 14 34 13 23 32 49 36 10 1 38 42 40 31 5 6 17 16 39 43
41 15 28 11 43 35 27 10
43 35 33 13 3 16 44 5 40 17 1
49 38 9 18 2 24 29 16 47 3
42 27 21 11 14 15 9 47 40 24 17 32 22 3 36 20 8 31 7 46 4
38 33 4 9 46 47 44 10 25 2 3
23 33 10 22 13 29 3 20 32 14 16 42 2 40 8 34
30 29 48 31
19 17 48 5 20 21 50 28 41 35 49 46 2 39 11 8 36 27 3
31 46 44 11
25 40 32 45 26 31 7 47
37 30 8 35 9 25 34 2 39 21 16
48 13 50 23 10 5 1 31 43 47 8 4 26 18 46 25 34 16 42 45 22 7 20
23 7 42 45 2 11 39 38 49 22 50 3 31 40
41 5 24 38 23 29 33 2 26 9 31 18 42 30
3 48
31 30 14 33 26 21 49 18 27
23 28 2 35 33 25 11 7 34 26 10 32 24 46 38 20 50
26 16 11 44 10 36 13 14 19 32 21 8 6 42 30 43 15 23
37 36 28 7
10 37 25 27 22 46 43 13
3 30 49 48 45 19 34 15 33 11 39 42 28 18
13 3
38 40 35 10 29 22 20 45 6 4 19 12 50
9 3 23 5 50
15 21 23 31 17 12 1 25 36 34
14 24 19 35 34 16 4 25 7 22
17 41 33 7 23 29 8 24 50 26 2 35 45
31 41 14 8 10 35 25 37 22 29 17 36 20 21 5 19 44 24 50 38
38 35 22 15 42 3
49 33 27 43 22 44 35 50 3 19 2 16 9 4 42 14 17 24 47
41 18 35 19 20 2 43 30 46 50 1 49 12 17 7 28 21
11 3 38 22 14 2 15 8 21 16 29 41 50 18 40 13 32
19
29 13 14 3 15 37 32 11 36 48 18 35 20 24 25 27 12 34
11 50 7 47 21 40 20 28 6 24 46 18
19 44 48 25 20 31 46 6 8 7 16 15 50 32
7 41 31 29 21
5 21 36
48 42 28 14 45 46 17 44 1 22 49 26 40 7 4 34 2
7 25 5 43 14 31 4 23 12 38 44 29 40 34 16 22 47
30 20 26 2 23 49 22
25 41 39 17 15 1 32 5 11 22 3 20 9 35 6 31 42 18 43 30 19 27 49
47 16 18 10 44 13
22 49 5 9 30 34 12 14 31 43 24 25 35 42 27
20 22 37 46 7 2 35 9 39 44 25
42 5 44 17 29 37 39 10 1 2 30 24 23
5 50 29 22 16 2 11 17
30 24 40 32
40 36 26 8
22 24 35 17 31 37 23 8 45 15 43
49 29 26 6
6
45 47 14 50 42 18 9 8 32 13 20 4 12
36 16 28 23 32 41 9 47 4 34 46 19 3 8 20 26 30 24 21 31 39 10 13
30
10 44 33 16 43 1 9 27 21 14
44
50 12 35 18 7 4 3 27 11 39 13 2 36 48 15 17 5 47 49 20 33 23
32 31 17 11 5
8 45 22 9 11 40 16 49 27 44 18 25 41 23 47 37 17
30 1 20 45 16 19 15 34 35 21 40 11 22 26 25 32 31 12 33 28 8 38 24
42 4 28 21 11 5
47 7 16 2 11 29 32 39 1 33 38 45
15 46 2 9 21 49 4 25 5 16 32 41 44 39 45 6 17 14 37 7 20 3 24
28 20 29 45 25 43 34 39 27 12 30 48 18 2
41 43
46 32 25 21 12 50 49 2 44
17 43 1 10 31 34 47 15 37 40 33 5 24 11 20 19 21 8 27 2 41 30 48 9 45
47 40 19 36 27 13 24 5 10 46 37 7 28 33 30 21 12 50 23 31 4 49 14 8 11
44 1 48 24 12
21 31 16 50 29 3 2 46 12 37 47 28 33 22 49 19
16 37
16 7 48 40 32 43 5 30 47 35 45
29 41 5 11 28
9 42 32 47 25
3 38 17 18 39 23 34 11 37 5 32 50 13
33 18 31 7 26 16 40 39 14 25 21 35 10 37 30 5 19 45 13 2 15 6 8 9 22
30 48 13 33 32 47 43 6
2 34 10 47 19 32 6 5 39 31 1 18
15 38 46 43 37 7 18 16 50 27 14 49 41 34 44
15 38 48 49 6 42 1
25 8 20 27 7 40 48 39 35 32 14 30
2 37 27 28 31
37 40 3 46 11 2 6 43 20 48 9 50 28 16 31 47 41 21 7
47 40 30 26 5 42 31 24 37 21
30 34 18 33 26 3 7 28 49 17 9 4 15 27 14 40 37 47 39 8
22 36 2 8 26 31 24 37 39 46 34 1 4 18 9
44 48 6 12 26 35 7 3 15
28 43
31
33 1 30 49 13 21 50 32 3 8 24 17
44 48 16 14 2 8 49 29 11 23 19 10 22 36
16 31 11 34 2 30 13 8 42 40 44 35 20 7 32 28
50 41 44 32 29 42 38 23 46 13 14 17 7 19 21 4 20 33 11 31
10 1 45 11 31 27 38 42 44 13 24 26 20 22 17 4 33 43 12 25 37 19
29 35 14 23 3 9 48 17 31 45 18 42 43 6 38 34 19 21 1 12 11
34 4 43 32 13 8 20
33 26 7 18 6 24 13 25 48 36
16 5 40 36 43 8 25 9 35 7 21 10 30 22 4 38
24 35
9 43 12 49 35 37 3 47 44 46 42 19 8 6 7 30
2 32 31 40 16 21 35 27
40 7 17 46 2 30 1 9 39 13 36 50 21 24 35 14 37 48 49 12 8 23 31
33 13 3 17 7 14 21 38 35 28 10 29 30 43 25
24 12 6 23 22 7 2
6 48 29 9 33 44 13 10 25 3 23 2 42
12 40 2 25 45 29 37 9 46
24 14 22 46 34 19 13 5 26 12 38 40 33
7 34 1 50 30 39 43 22 12 42 17 41 9 23 36 35 29 11 14 38 44 21 27 3
14 48 43 3 50 12 29 28 30 17 15 2 41 13 35 26 11 19
6
36 10
1 47 25 39 14 8 41 28 31 35 19 34 18 12 43 5 45 26 32 48 7 15 33 3 24
2 50 29 6 39 26 8 28 38 24 4 15 32 48 7 11 19 37 3 27 21 1 22 18
9 42 12 50 34 14 40 17 19 15 38 27 20 2 32 21 46
40 28 13
40 41 18
37 22
3 38 8 47 17 44 18 28
3 7 48 30 15 49 14 25 1 47 28 42 10
17
34 39 15 32 3 50 6 49 35 17 31 41 14
35 22
3 28 1 40 8 46 34 4
6 38 2 43 50 47 21 29 1 28 25 44 20 37 19 31 34 24 48 36 16
28
50 11 36 26 41 14
30 38 8 27 15 49 40 29 12 13 31
5 4 17 47 6 29 16 25 28 39 20 23 44 11 31 7 8 34 45 41 14 38 21 15 10
13 22 43 31
6 1 26 41 13 34 28 2 38 18 21 40 3 12 8 23 4 16 27 10 25 15
50 46 9 37 22 33 4 25 39 18 26 40 24 45 6 34 30 17 43 10 28 7 13 21 1
36
49 9 47 38 10 4 35 39 28 13 3 21 50 32 6 19 11 37
39 4 1 5 27 32 16 11 14 12 41 29 20
24 49 20 12 38 13 40 28 14 46
1 22 14 35 2 49 20 50 29 33 15 21 6 40 5 18 8 44 43 36 41
43 46 25 10 38 37 35 22 40 41 21 48 12 32 9 4 6 44 2 34 39 45 29 20 47
15 29 23 25 24 41 32 40 13 35 17
40 37 27 24
6 4
11 26 1 36 27 6 30 3 38 40 8 50 9 47 41 17 24
42 28 15 9 25 2 44 1 26 29
26 16 43 40 18 32 13 12 10 14 8 49 47 36 17 25
20 10 31 26 2 28 29 9 12 7 11 50 39
49
32 3 31 48 1 14 46 30 42 49 25 9
31 29 24 20 39 19 10 38 1 15 5
23 43 35 25 10 5 37 45 44 30 20 32 6 18 19
49 39 16 35 29
47 9 16 22 21 25 28 10
47 17 43 30
4 37 27 34 13 40 22 19 26 25
26 30 32 18 44 22 7 5 38 36 2 34 50 13 1 12 48 37 43 46 42 35 19 9
28 3 45 20 50 1 44 48 31 5 32 15 37 14 42
28 6 24 45 43 27 42 41 7 23 22 33 18 40
46 6 21 9 48 34 18 1 22 49 40 37 41 10 15 33
49 1 44 46 40 20 5 10 11 14 9
47 3 12 36 30 26 16 15 45
14 12 29 48 22 8 33 6 19 21 17 36 26 4 37 34 7
42 20 49 48 4 10 50 3 30 47 26 11 25 6 32
37 40 2 17 8 26 11 5 48 35 3 23 36
11 43 48 44 7 17 26 42 6 39 1 14
32 26 21 46 3 19 37 20 29 6 44 22 27 41 23 8 10 47 11
4 30 45 14 12
39 42 25 45 5
23 8 39 18 21
24 34 9 39 42 16 36 28 48 25 35 31 33 40 5 21
23 37 41 21 4 45 13 3 40 14 2 31 29 15 25 38 12 9
48 33 17 2 45 23 7 42 14 41
31 3 21 13 38 46 9 39 30 14 34 5 10 33
38 40 9 42
39 35 2 49 40 26 31 42 25 47 12 41 15 50 21 19 38
9 49 10 16 7 25 20 34 1 46 8 5
45 9 24 14 25 32 30 27 17 50 26 2 7 33 28 22 18 47 19 21 11 40 31
10 42 38 20 27 2 47 13 25 26 5 43 12 30 4 7
17 21 1 37 34 30 42 26
29 40 16 17 30 32
10 9
18 49 27 1
40 7 15 19 25 16 5 28 34 29 14 8 30 3 36 31 13 42
14 12 26 4 41 1 50 28 45 39 22 49 43 47 6 16 35 30 21 20 23
37 29 41 42
3 14 17 27 4 24 10 23 50
21 4 25 46 33 13 39 19 40 23 26 12 37 9 6 50 28 30 42 36 20 48 38 49
43 49 29 21 50 41 35 3 22 37 30 33 9 11 25
32 1 41 35 46 23
6 3 44 11 20 16 1 29 50 18 37 43 17 47 9 4 28 30 12
36 25 41 30 1 43 18 15 45 14 50 5 21 9 13 33 32 34 27 46 16 39 47 37
11 3 15 32 47 8 43 27 25 6 2 33 36 50 26 20 38 30
34 2 30 29 35 39 24 6 21 33 36 10
15 13 34 44 27 6 14 12 28 40 24 5 1
27 16 22 13 47 37 12 3 30 9
22 5 44 25
31 16 26 9 1 28 24 2 36 18 42 47 14 44 41 46 50 8
40 36 5 15 20 13 7 17 4 21 30 12 33 37 26 46 25 43 23 2 47 34 6 29 31
2 46 20 1 11 3 47 12 39 24 9 50 45 34 21 8
44 35 29 47 40 5 18 31 24 20 34 28 45 30 19 4 12 22 27 50 16 9 21
48 6 16 17 25 4 42 31 15 19 30 12 40 20
23 14 1 6 19 33 41 10 7 39 34 21 11 24 28 12 20 50
23
36 34 9 10 20 48 46 38 47 14 17 28 24 6 18 13 41
24 47 13 2 15 25 10 9 37 32 29 50 48 33 5 18 45 49 38 40 4 19
16 21 11 32 14
10 31 47 11 24 40 6 12 33 37 30 21 36
45 42 8 33 26 30 31 35 47 41 32 7 37
20 50 22 4 8 11 18 43 25 38 30 14 26 16
16 44 24
11 9 21 3 29 42 50 45 2 26 28 31 23 18 22
29 7 25 50 45 18 40 48 17 1 34 32 46 13 43 33 11 28 37 6 2 16 42
14 44 19 12 41 46 9
17 3
39 29 31 20 2
5 8 43 36 37 15
14 28 32 27 36 7 39 30 17
38
19 17 8 6 50 35 37 20 42 32 30 10 46 31 44 14 7
11 8 36 23 50 49 4 30 26 28 2 22 13 9 6 46 40 18 27
45 47 36 30 42 22 40 39 10 43 28 20
15 28 5 6 49 17 37 32 39 22 46 20
32 29 28 1 25 13 5 23 49 48 31 47 18
17 35 50 39 24 38 12 8 18 47 30 45 19 36 48 22 29 25 11
8 34 4 1 12 47 2 48 30
22 39 37 18 29 13 24 15 42
35 6 21 38 23
34 1 39 8 45 26 5 11 32 46
44 29 9 15 41 23 21 34 19 43 33 12 17 46 1 28 5 3 47
37
23 28 18 33 35 6 7 43 24 29 4 49 12 42 46 27 44 16 10 34 40 38
43 26 42 19 46 8 6 25 14 2 24
46 6 14 20 27 21 11 1 18 23 31 35 33 17 30 26 12 5 2 38 32 15
31 19 10 2 37 32 22 7 8 11 25 28 47 45 12 13 34 21 29 35 14 48 4
21
36 48 6 50 37 33 44 40 18 7 34 25
40 20 36 4 3 26 35
50 27 48 43 35 33
10 7
48 20 18 3 14 17 35
47 10 40 44 49 46 1 15 13 19 30 34 42 39 22 35
35 37 20 28 25 30 45 41 12 13 29 16 40 26 38 2 3 5 11
21 23
12 48 28 49 31 30 25 42
5 23 49 15
28 11 14 44 18 16 33 19 13 5 29 41 17 26 37 31 3 35 36 21
12 24 42 44 1 9 39 19 27 46 32 25 50 18 4 13 31 16 40 29 30 45 20
33 5 37 15 16 20 35 39 49 47 45 38 23 31 17 28 13 1 32 42
12 18 37 4 43 27 5 17 22 1 21 13 34 9 32 16 50
34 39 2 23 27 8 30 40 21
42 49 17 30 46
15 12 17 27 8 10 28 19 35 45 31 24 6 38 43 36 20 32 47 11 29 23 49 16
46 2 34 31 10 49 25 47 38 22 3 29 45
5 33 19 37 28 45 47 1 21 2 18 34 29 49 36 41 42 10 43
43 46 49 2 7 11 18 50 29 12 41 26 33 31 20 36 6 3 22 8
27 9 50 45 31 29 37 47 1 5 33 41 32 38
7 46 21 41 47 33 43 39
33 40 21 4 14 28 9 13 26 25 7 6 5 34
8 4 41 28 10 5 26 23 32
43 13 44 42 31 36 41 19 22 32 8 28 48 30 29 2 49 16 10 47 33 20
12 7 6 3 41 26 27 24 40 33 28
26 25
33 20 1
18 46 47 35
16
21 9 37
44 21 36 12
18 2 27 24 37 39 36 44 16 19 26 50 42 28 40 22 43 3 1 23 13 47 14 30 15
27 37 30 22 10 38 23 6 8 19 25 32 34 16 48 31 44 7 2 50 20 29 28 40 35
37 45 47 39 19 48 31 20 10 4 16 50 29
32 17 19 31 42 6 11 45 3 25 40
42 38 15 16 19 17 6 31 9 36 25 47 13 8 34 41 43 4 27 46 49 45
47 19 12 5 48 41 10 7 39 31 8 46 32 16 26 49 22 42 14 20 13
7 45 43 17 31 49 42 19 22 10 11 6
43 19 3 6 38 39 15 18 30 35 13 47 20
34 31 12 16 5 46 24 47 23 37 1 20 28 2 9 49 36 40 42 33 15 26 3 4 14
26 10 22 3
47 50 12 14 18 6 30 10 11 48 22 43 44 9 2 7 29 40 20 17 24 27 15
23 19 17 30 36 37 13 41 11 8 46 45 39 22 15 48 10 42 28 21 3 6 29 50
8 21 38 3 37 7 44 17 6 45 50 41 11 28 1 12 31 30 24 49
17 28 11 24 45 40 8 48
30 46 34 41 33 23
28 49 8 34 50 38 24 17 27 4 2 7 6 18 21 5 36 25 1 9 40 46 20
5 47
43 21 20 4 8 39 7 47 38 49 40 12 32 1 28 30 26 29 33 5 46
33 50 43 37 22 16
14 13 39 48 12 9 11 42 23 5 15 41 6 27 17 18
47 18 34 45 41 2 13 43 27 20 33
26 29 34 35 45 19 41 37 48 20 14 40 18 3 21 28
16 38 47 42 34 15 39
37 11 16 48 22 43 26 29 4 1 15 17 6
35 24 19 28 26 6 5 20 18 11 50 3 21 1
35 45 48 5 36 28 2 49 3 50
30 39 43 40 15
48 29 26 13 31 34 38 36 8 21 16 42 24
30 9 23 40 29 4 18 47 25 12 35 46 13
23 16 48 11 38 24 13 8 36 1
28 42 27 4 33 26 23 15 30 41 11 6 3 50 12 22
2 34 50 10 13 11 1 8
21 10 18 43 5 32 39 34 19 45 50 30 40 3 25
45 50 36 21 8 3 25 32 39 49 34 48 23 2 26 41 20 9
27 32 21 8 18 44
10 30 48 22 4 20 16 44 5 33 1 50 47 35
2 1 18 3 50 39 8 26 32 10 35 11 19
44 19 15 26
35 37 1 28 38 22 4 27 21 8 39 7 10 17 26 44
26 45 14 8 46 24 17 50
21 16 32 2 39 30 9 14 7 26 35 36
41 38 44 14 18 3 11 1
16 29 25 7 39 21
40 25 14 11 41 34
23 14 43 10 39 9 3 12 7 42
16
2 49 21 27 3 13 26 36 32 22
24 30
10 39 49 2 23 38 35 36 46 30 12 44 42 20
30 38 1 16 21 8 23 39 12 7 48 50 44 40 35 2 45 17 26 29 13
44 9 17 50 32 8 38 48
25 7 37 14 31 45 1 43 11 26 6 16
35 21 11 48 2 22 25 7 26 32 5 3 12 15 18 8 17 28 45 41 16 9 10 37
30 27 41 4 6 3 9 23 14 29 7 36 13 37
31 20 25 28 38 3 35 29 41 27 2 16 4 12 24 34 11 44 30 43 19 26 37
10 30 35 45 19 14 32 28 8 15 18 43 50
23 28 13 12 2 14 27 3 24 35 6
28 33 19 44 10 29 24 43 31 46 17 13 37 36 21 20 26 2 11 12 4 9 32 47
29 7 12 16 10 45 21 44
43 21 10 18 12 14 5 11 20 35 19 7 38 15 39 4 47 40
11 39 16 8 15 34 25 18 7 31 44 17 24
48 47 18 15 2 11 38 24 14 44 27 6 1 26 49 31 23 4
20 15 49 16 42 8 10 29 26 5 33 45 3 38 40 50 18 19 6 14 23 24 48 4
28 17 40 34 37 42 24 21 27 47 8 25 23 49 9 35 11 44 30 2 50 26
13 36 16 23 22 29 50 5 48 44 31 40 46 41 14 30 26 49 19 45 28 15 24 21
40 23 29 44 16 15 9 30 49 46 13 41 25 6
37 17 40 21 22 9 13 29 15 26 12 16 2 35 27 7 10 1 14 43 36 45 32
16 20 6 2 13 26 37 30 38 11 9 8 15 32 49 34 19
28 11 23 45 20 33 26 21 39 1 6 43 7 22 49
5 27 11 14 46 48 37 2 10 1 40
39 40 22 35
40 31 19 36 26 12 2 15 43 7 41 42 49 6 28 47 45 33
41 38 50
44 27 23 28 12 35 38 13 2 41 31 50 36 16 10 7 29 49
31 30 43 32 8 18 35 4 38 2 36 10 12 6
11 48 41 2
13 30 44 49 20 41 37 11 8 46 38 45 35 23 25 42 36 7 12 48
36 44 18 20 49 28 27 26 1 9 10 25 8 13 6 22 3 19 24 23 35 30 29 5
2 31 16 3 46 7 38 34 21
33 35
25 39 23 45 15 16 11 13 14 34 48 29 31 36 50 49 26 17 40
27 36 11 46
49 40 5 31 14 6 28 19 50 36 15
14 44 2 11 28 41 13 24 37 29 39 16 22 40 38 17 45 4 42 20
30 45 32 4 23 12 21 3 46 29 7 6 33 5 19 38 42 36 13 24 27 31 41
16 48 22 1 49 2 27 40 20 41 4 14 39 35 6 11 5 10 28 43 7
7 42 26 9 22 44 50 13 4
26 6 40 38 3 4 18 39 49 12 9 43 5 13 45 34
22 12 35 5 14
38 2 25 21 14 26 44 7 48 16 8 19 36 28
28 14 6 4 5 37 48 46 10 42 32 19 33 34 30 17 11 43 31 23 50 18 9
20 9 6 31 12 44 16 49 3 46 17 23 42 15 1 30 25 34 2
22 16 35 43 9 8 39 26 15 32 18 1 28 42 40 12
6 42 28 45 12 41 34 1 31 44 23 18 4 10 22 20 5
1 32 41 14 17 24 28 44 43 27 21 15 6 29 37 47 5 20 11 33 42 50 2 31 36
38 35 13 40 20 43 39 48 36 19 26 18 15 25 34 3 6 8 49 7 17 47 11 28 30
14 19 39 33 24 9 7 40 13 42 10 29 4 12 32 25 35 1
32 46 5 23 40 13 38 19 28 16 50 45 35 21 42 20
32 24 42 10 35 9 38 15 47 36 21 3 39 26 16 25 23 43
37 28 44 24 2
28 5 18 23 12 27 42 49 29 39 50 2 11 37 16 47 17 1 31 44 40
43 24 9 17 1 41 29 6 23 7
37 45 5 25 16 33 44 34 27 15 19 20 43 7 3 1 42 50
42 8 13 6 18 48 23 45 40
33 35 25 49 16 29 24 41 5 14 12 9 11 1 22 44 32 31 23
41 17 25 9 44
3 7 43 21 1
41 20 21 10 28 3 17 42 34
11 49 41 14 37 43 5 35 30 23 39 31 4 12 42 29 21 9 32 34 45 27 7 2
17 9 36 41 1 7 35
12 46 32 23 27 49 24 7 45 16 35 31 29
30 22 9 43 14 17 47 29 25 7 15 36 44 48 11 46 16 31 18 37
2 43 44 5
19 11 30 47 17 21 29 50 40 25 48
36 44 22 50 35 25 8 43
49 5 14 26 48 2 15 1 9 36 19 45 31 6 47 27 11 18 37 33 41 34 3
28 23 32 22
42 32 25 6 16 33 35 4 17 22 38 29 23
9 39 43 34 47 31 26 13 46 21 1
50 35 6 21 40 22 36 8 11
46 29 4 11 24 21 15
42 18 29 12 30 31 44 14 36 38 41 26 3 20 40 24 50 25 27 17 32 39 1 11 19
40 44 29 15 4 26 46 23 33 49 30
28 40 3 10 33 7 6 43
42 10 9 25 44 26 11 45 46 22 30
2 15 11 35 7 42 48 3 10 31 33 49
11 23 17 3 39 22 20 4 35 29
47 9 13 4 40 6 3 16 43 37 29 1 20 30 36 8 39
21 47 50 15 16 24 32 48 26 49 31 41 43 42 17 44 30 27 39 37
50 32 22 9 33 19 43 46 49 15 27 24 8 6 28 36 2 13 38 42
43 27 22 2 6 1 7 47 49 17 40 5 32 18 35 16 21 37 41 48 44 29 38 39
25 48 22 16 20 45 29 18 43 40 21 26 14 32
9 32 41 15 24 46 29 44 45 17 8 34 37
14 36 6 48 40 45 4 17 9 37 10 7 12 21 22 13 23 15 34 2
37 45 28 5 4 21 46 1 13 38 22 12 35 14 18 41 23 6 50 48 39 15 44 40
10 23 30 27 29 15
12 1 19 43 11 10 30 49 46 47 8
3 48 36 12 38 41 27 26 35 16 32 47 13 22
48 17 2 19 18 44 21 12 5 31 9 11 46 29 42 14 26 22 25 24 1 49 43 50
48 20 25 8 14 41
26 41 25 35 11 1 21 28 37 17 7 2 23 12 40 30 39
39 28 49 50 13 16 19 37 42
28 6 48 8 24 27 10 11 31 22 30 38 13 42 5 2 9 36
15 50
20 46 3 22 25 30 16 27 32 10 34 24 2 4 15 7 49 13 11 45 6 18 41
39
34 33 1 22 5 27 29 2 17 45 30 11 14 31 36
9 35 42 24 19 28 30 45 22 3 14 33 4 10 47 8 41 43 18
37 46 15 7 26 11 33 3 36 43 21 22 12 40 50 34 49 38 24 8 18 9
14
48 45 44 41 21 22 2 28 16
30 23 12 43 20 44 6 8 42 25
35 45 43 24 49 44 3 38
17 7 33 39 9 14 44 37
40 5 27 9 30 37 43 4 16 1 46 19 35
26 29 12 31 39 15 33 9 24 27 7 28
49 35 10 17 14
44 29 12 19 28
22 40 44 42 10 21 27 5 39 26 12 8 2 9 6 4 15 24 35
28
33 3 16 43 21 30 7 11 35 22 38 4 9 25 19 28 31 40 42 34 6 36
3 18 26 43 19 45 23 10 36 4 16 6 50
32 10 38 4 12 9 16 42
17 6 38 45 44 32 7
1 43 20 15 32 45 16 12 4 7 40 39 29 10 28 34 35 30
23 49 25 15 8 33 1 21 28 44 34 50 42 18 12 29 6 27 41 39 32 35 16 7
48 23 20 30 21 45 24 44 6 46 38 29 22 14 35 18 17 27 42 39 3 5
48 37 3 31 22 49 4
9 33 39 27 31
31 38 35 15 43 44 34 23 6 40 20 36 1 26 27 5
25 15 3 11 10 1
26 22 25 34 36 49 50 33 27 3 12 30 17
41 28 1 46 19 45 42 37 50 8 39 3 40 11 10 34 20 21 18 25 44 38 35
8 28 11 9
29 33 40 20 28 39 23 5 24 21
35 23 40 13 2 38 47 15 7 37 46 17 27 18 5 8 12 14
11
39 25
37 14 23 1 20 45 11 30 34 12 40 43 42 21 49 2 28 29 3
4 26 2 3 31 7 17 44 32 36 38 11 41
15 7 25 2 5 48 30 3 31 10 8 26 27 20 44 45 19 28
40 27 35 26 24 10 4 23 5
35 36 31 47 38 26 50 48 32 13 20 30 40 18 33 49 23 2 37
36 15 13 49 46 4 50 30 21 29 8 12 19 39 34 40 3 44
48 14 50 19 10 25 22 31 43 27 3 38 45 21 42 13 47 2 49
27 8 12 22 14 2 17 23 5 37 13 3 35 32 7 18 11 40 24 39
45 20 28 34 19 42 13 6 12
15 46 21 3 37 27 48 18 44 8 41 20 28 24 5 36 13 39 38 45 32 35
49 27 29 38 21 32 19 14 46 11 25 34 43 3 2 18 24 31 8 35 10 50 20 12 7
34 25 18 45 2 41 5 49 19 31 10 38 20 26 13 48 1 21 47 30 7 24 43
15 48 24 5 13 33 7 10 50 27 4 41
1
46 36 18 7 44 47 29 8 48
14 16 34 4 15 23 48 45 13 25 29 32 5 26 9 49 18 8 27 37 24 11 42
48 40 42 34 37 46 17 47 7 8
41 40 22 48 20 49 50
7 48 36 28 27 18 49 47 6 34 23 43 45 42 50 33 24 17 39 21 2 44
47
50 44 24 12 42 13 43
21 3 13 42 10 41 32 8 40 14 24 29 11 47 6 19 25 17 20 37 35 15
1 41 37 40 17 24 16 45 32 46 10 47 33 23 4 49 44 9 43
24 33 23 27 36 42 6 29 4
40 17 15 37 18 50 46 27 19 12 38 20 3
4 17 1 39 33 2 18 5 45 14 37 38 22 36 19
20 6 1 18 14 16 15 28 7 43 42 48 13 12 35 49 29 38 2 4 27
25 12 42 10 3 31 40 8 11 19
20 28 9 29 23 19 14 31 42 16 15 33 5 38 35 2 3 47
25 33 31 28 16 2
21 15 33 42 17
8 3 34 1 10 49 26 12 30 18 25 36
9 29 30 1 45 50 8 13 24 5 48 28 39 38 41 20 3 10 36 12 40
29 8 27 14 16 2 24 41 23 15 39 7
47 7 6 14 3 12 35 24 29 40 43 22 45 26 5 16 30 25 2 23 38 4 46
35 30 4 32 27 19 10 11 47 7 48
45 27 12 29 47 33 46 28 34 20 2 9 7 26 19 25
17 50 23 10 49 5 13 3 32 31 40 30 4 19 27 9 45 39 46 24 33 35 15
22 36 33 3 7 30 40 34 48 16 17 23 11 37 19 46 13 29 1 6 24
8 39 33 10 28 44 40 21 22 47 27 14 26 49 11 48 32 16 38 25 36
23 16 25 34 47 13 31 1 9 15 21
18 44 4 31 46 1 41 10 33 13 15 38 22
21 29 16 42 18 26 5 32 37 13 31 48 1 11 49 12 15 40 17 3 27
23 50 37 28
39 35 19 5 46 22 14 15 44 40 20 45
36 6 38 44 11 20 28 47 3 39 16 26
47 43 29 16 5 22 46 1 42 28 48 14 40
38 9 29 4 36 43 45 14 50 8 28 2 10 31 20 35 30
18 38 8 20 16 17 10 28 11 48
39 46 26
31 16 4 40 10 38 14 30 41 27 48 28
37 45 46 1 21 38 12 39 11 30 24 15 10 4 16 29 8 5 42 50 2
47 25 44 46 43
32 6 15 40 19 35 22 50 28 10 44 43
24 43 50 10 19 11 44
3 39 37 2 32 42 35 11 6 10 33 14 13 5
26 27 46 5 23 48 50 43 16
14 8 32 44 42 34
35 27 46 47 23 12 3 43 25 20 49 33 1 48 21 39
14 8 16 42 38 3 49 32
13 31 6 24 17 23 47 38
12
17 32 15 25 3 20 42 36 13 22 28 47 43 39
31 47 29
11 43 34 1 16 15 46 5 9 49 39 23
37 13 32 21 2 26 20 9 25 49 22 29 43 16 1 18 48 4 33 5 40 41 35 7 3
22 29 19 26 46 1 30 37 27 34 33 25 23 14 17 20 32 45 50 3 48
18 28 41 10 50
11 19 35 27 39 48 22 7 30 15 37 18 14 28
28 25 38 46 17 18 4 5 30
2 40 32 48 42
37 46 6 19 34 20 41 32 10 23 5 9 31 30
21 39 18 28 36 8 40 45 11 12
26 12 37 6 9 50 3 20 19 34 35 46 29 2 44 1 17 43 30 18 48 23 16 15 14
31 26 38 45 27 48 10 24 46 21 15 20 33 50 7 4 8 5 14 3 42 9
47 17 2 13 9 4 28 40 27 25 12 24 50
5 26 30 50 41 22
27 30 34 40 36 16 2 41 17 29 50 24 6 15 4 32 11 10 45 7
46 33 4
42 15 17 50 25 44 43 46 37 11 49 33 10 23 29 3 24 4 2 12 6 7
24 20 44 1 11 50 48 30 19 49
44 15 31 3 11 16 22 33 50 30 35 40 38 1 2 7 47 28 42 32 48 5 49
40 33 44 38 11 50 2 37 26 4 42 49 34 5 32 22 29 27 31 9 24 23
42 45 44 31
44 42 36 50 40
3 14 12 7 15 29 5 6 28 32 44 31 18 50 40 36 26 43 11
10 44 48 16 43 40 1 34 21 20 6 42 35
30 48
22 47 39 42 16 33 9 23 38 29 34 32 43
16 11 3 23 28 37
46 24 47 14 5 43 41 1 39 44 30 16 48 49 12 40 6 21 2 22 50 26 29 35
4 17 12 49 50 29 39 45 15 28 7
13 9 19 22 7 45 35 49 37 10
46 6 1 16 29 38 21 34 28 5 31 20 44 32 27
50 25 36 27 26 39 3 4 5 14 43 29 23 31 7 38
49 36 41
34 48 39 4 12 13 28 44 35 21 26 14 19 49 50 41 6 46 24 1 10 15 22 8 9
46 6 24 49 4 36 39 28 29 17 26 38 9
30 34 46 41 50 6 37 18 33 11 43 31 17 13 10 44 2 39 4 36
21 40 50 26 1 37 25 49 30 41 38 47 45 12 42 23 28 43 19 31 44
31 4 15 48 5 22 26 19 36 39 41 12
32 9 12 39 3 25 43 14 13 23 40 16 2
37 36 38 32 21 47 16 3 28 20 49 44 24 34 40 6 17 31 50 26 23 35 48 7 19
32 31 35 43 8 22 19 21 3 34 10 33 5 4 41 24 40 20 15 16 38
40 28 36 43 37 11 2 50 32 17 31 39 38 25 5 35 9 46 33 49 19 27
4 7 36 26 10 14 24
44
20 44 40 48 29 39 2 17 32 6 41 30 14 33 8 27 19 37 50 42 31 5 43 26
39 24 13 20 5 11 3 40 23 46 18 41 6 36 28 22 8
7 23 9 24 31 35 38 21 13 3 32 39 49
42 31 7 32 25 50 1 17 3 49 11 38 27 13 24 43 48 18 6 28 23 5
29 20 6 15 13 34 35 26 27 38
39 8 49 37 28 3 21 44 43 25 33 38 50 29 31 26 47 9 17 30
30 1 23 5 19 35 24 11 25
16 49 4 50 6 21 10 11 36 15 38 19 41 43 14 18 34 13
46 6 40 13 26 37 20
18 3 43 6 25 45 46 41 4 12 44 22 15 50 38 10 36 34 9 35 33 24 16
18 27 17 22 30 47 37 14 45 35 28 46 15 2 20 19 34 5 42 6 21
37 18
50 9 20 2 40 16 17 26 5 46 3 8 13 7 36 23 10 25 48 11 42 24
47 23 32 19 36 40 2 46
48 7 41 34 10 29 27 16 8 36 45 2 1 43 37 33 31 38 17 23 44 40 9 11 30
44 9 10 26 35 1 30 36 31 19 7 13 46 28 6 49 29 33 3 25 48
22 42 50 33 9 10 7 28 45
37 44 21 10 30 3 34 43
6 18
6 12 17 29 22 45 31 38 46 20
16 15 49 24 45 34 31 17 22 4 14 3 40 2 42 26
50 20 35 25 47 32 39 48 6 38 1 43 11 8 4 15 29 40
47 14 12 1 35 39 33 42 38 32 44 26 45 23 10 37 6 34 24 48 2 22 31
29 17 25 26 20 36 49 23 42 11 15 30 48
2 49 7 37 25 3 36 20 16 14 9 8 30 43 34 19 45 6 11 31 23 29 5 15 18
8 24 31 39 37 13 33 7 19 48 2 21
10 42 45 5 40 2 19 17 6 1 46 37 48 47 23 27 38 25 4 20 36 3 34 39 14
35 9 44 26 18 36 11 50
25 41 14 7 5 31 23 1 21 2 22 46 37 16
46 30 17 45 4 6 1 5 8 27 39 9 41 32 10 15 42 13 26 14 37 2 16 40
8 25 41 31 3 33 10 17 12 18 15 1 50 30 47 24 49 39 44 19 21 29 45
46 11 38 2 50 23 8 48 28 20 9 40 41 18 4 25 45 26 43 14 30 10
24 39 50 46 32 9 36 45 13 47 44 19 17 20 37 8 4 3 31 33 27 30
25 29 24 16 33 9 41 34 26 22 48 42 4 12 31 46 11 47 35 23 20
18 42 19 12 30 33 31 8 40 44 47 28 45 22 41 7 36 13 29 3 35 21 49 4
49 31 44 33 26 18 23 19
31 18 41 11 44
43 47 11 35 48 12 10 13 31 8 37 26 15
45 38 47 19
4 13 21 44 40 31 20 39 37 7 12 15 35 9 23 47
10 5 23 25
45
37 14 49 6 21 29 20 1 13 23 5 11 34 41 19 9 16 15 31 10
18 6 13 31 8 46 12 33 24
6 25 17 24 12 14 37 19
3 23 33
22 23 47 27 39
38 13 33 16 49 34 5 11 15 12 6 47 1 44
30 21 14 37 47 20 45 41
49 23 29 16 14 46 50 13 9 18 33 31 19 3 2 27 7 39 20 15
35 18 25 4 42 16
17 46 41 11 24 35 9 34 3 28 22 42 29 25 5 8 7 45 30 39 50 43 49
26 13 27 34 36 29 23 8 16 4
28 19 18 40 3 24 35 37 16 23
6 40 45 47 16 33 36 15 43 34 39 1 31 8 10 42 44 50 35 27
20 3 5 1 46 22 7 50 43 48 30 34 11 15 36 25
35 24
2 37 43 24 36 6 13 16 9 1 17 31 20 12 32 8 14 26 50 7 39 5 23 22
3 30 44 11 19 36 25 42 21 9 13 8 34 23 6 15 7 1
12 5 23 18 49 32 30 19 39 17 21 35 26 24 8 36 46 25 4 41 44 47
48 47 42 44 35 46 36
16 33 37 43
32 40 4
35 49 26 12 1 44 13 22 33 25 48 37 20 18 29 45 4
15 6 21
43
23 49 1 44 38 48 31 21 39 30 20 10 2 42 46 17 41 25 47 26 36 12 27 24
21 15 17 25 29 36 3 26 48 49
2 17 25 24 14 21 38 44 36 31 5 33 28 23 45 20 41 11 9 1
10 8 41 49 42 7 31 37 6 11 1 21 47 25 36 29 9 22 14 18 24 46
48 46 12 26 15 28 2 20 22 18 10 13 27 36
19 33 15 32 13 35 37
36 25 8 18 3 23
5 37 31 25 11 36 42 2 10 28 18 33 40 39 23 16 48 41 9 20 7 3 14
17 22 29 40 15 39 8 45 35 28 31
9 43 6 20 12 46 8 34 33 32 3 16 19 17 18 24 30 44 2
36 13 28 32
34 45 50 44 29
32 48 16
27 46 1 35 44 12 10 14 39 19 8 49 3 32
13 3 50
16 12 27 33 45 30 13 21 23 28 46 7 39 37 4
4 15 34 31 50 35 43 14 47
45 48 4 18 7 10 21 31 41 15 42 20 22 50 23 3
31 14 17 21 12 24 42 36 22 37 13 49 18 5 47 4 41
12 17 47 38 8 20 49 45 18 11
39 33 49 31 22 32 20 44 45 30 9 15 47 13 41 23 46 48 28
23 11 41 50 49 20 16 39 1 8 32 12 38 45 29 30
23 32 49 17 35 11 42 34 12 41 14 50 3 48 36 15 20 8
9 23 17 28 3 48 39 29 26 44 32 46 2 41 36 14 38 1 49 20
42 21 5 6 4 32 35 8 40 31 22 24 38 46 12 9 29 41 10 37 11 43 27 2
22 21 14 33 30 49 15 26 18 38 32 20 47 28 23 41
27 50 41 10 23 1 12 3 35 14
38 18 10 31 25 24 14 9 39 2 37 6 34 7 17 26 27 44
21 46 15 14 9 11 33 26 12 47 29 31 41 35 50 32
3 11 4 44 25 48 19 49 41
27 2 1 13 3 38 37 6 9 42 34 5 7
33 44 22 18 7 31 27
4 46 12 48 35
11 38 23 9 27 43 12 29 37 17 35 36 18 30 31 33 22 6 44
2 48 49 11 45 33 28 13 35 42 9 3 29 39 6 50 43 14 22 18 15
44 9 39 40 16 26 31 20 29 1 18 7 34 15 2 24 25 3 49 32 38 36 48 4
43 38 4 3 12 34 15 5 42 6 47 35 18 50
13 20 29 42 19 49 50 15 23 12 3 47 24 45 33 43 25 46
37 6 28 7 33 41 11 40 24 30 42 26 27 14 8 44 23
36 32 26 34 40 22 25 16 27 10 35 13 17 39 44 15 37 29 42 4 8 5 41 14 7
22 46 19 28 35 12 23 24 47 43 39 30 25 1 33 15 34 41 11 14 48 26
36 2 1 8 20 10 48 7 40 33 9 23 35
10
24 44 34 31 3
36 39 47 21 5 14 31 10 46 20 4 7 50 37 35 16 18 25
21 28 45 13 36 24 15 50 4 6 18 1 38 32 34 31 19 48 7 37 49
22 12 41 32 10 23 29 49 38 3 18 11 16 31 15 21 37 48 43 24 19 40 2 50 14
46 30 19 32 4 20 23 41 49 42 8 3 37 17 2 11 43 14 7 44 45 9 12 26
44 40 11 14 12 50 7 15 13
20 26 21 5 50 25 8 6 14 12 22
4 38 24 12 26
49 18 35 40 6 1 50 44 10 21 27 24
17 45 48 15 11 25 31 26 41 13 37 3 20 4 28 49 32 40 35 1 27
39 35 4 18 8 6 43 20 30 50 29 9 41 22 10 23 14 40 15 1 48
18 15 5 16 12 43 32 20 21 49
45 47 32 36 23 17 8 48 7 44 14 41 37 29
36 30 16 15 21 12 6 7 3 1 35 24 38 34 19 9
45 24 42 47
24 12 47 38 9 26 20
9 33 50 18 8 47 41 6 29 42 10 44 1 11 16 31 2 35 12 43 26 32 39 24
12 22 30 24 46 20 14 7 50 36 44 18 43 15 2 1 38 16 47
50 3 7 43 8 41 1 21 39 35 2 4 16 11 37 31 47 19 40 23
42 50 31 36 8 38 30 23 17 48 39 45 40
18 9 11 45 25 7 36 20 44 33 35 49 14 6 2 48 13 37 19
39 47 5 20 40 4 34 26 15 21 1 27 48 32 6
14 35 2 39 18 21 1 29 30 46 25 8 10 24 4 16 12 11 40 6 49 48 31
1 48 2 5 42 31 6 34 38
